0.00 0.58 0.32 0.35 0.51 0.75 0.62 0.40 0.59 0.21 0.63 0.76 0.59 0.57 0.91 0.34 0.66 0.65 0.39 0.62 0.59 0.52 0.66 0.43 0.62 0.89 0.60 0.63 0.52 0.58 0.67 0.59 0.65 0.55 0.66 0.37 0.50 0.41 0.49 0.60
0.58 0.00 0.67 0.67 0.62 0.71 0.57 0.59 0.48 0.63 0.66 0.56 0.73 0.55 0.79 0.64 0.51 0.60 0.63 0.60 0.44 0.57 0.65 0.62 0.53 0.78 0.72 0.57 0.65 0.73 0.73 0.72 0.61 0.51 0.62 0.63 0.73 0.64 0.43 0.55
0.32 0.67 0.00 0.16 0.54 0.77 0.68 0.27 0.70 0.39 0.68 0.84 0.75 0.73 0.94 0.49 0.55 0.55 0.28 0.52 0.51 0.46 0.57 0.25 0.54 0.89 0.51 0.54 0.47 0.54 0.65 0.46 0.57 0.53 0.57 0.25 0.40 0.29 0.49 0.55
0.35 0.67 0.16 0.00 0.57 0.77 0.68 0.30 0.71 0.44 0.70 0.86 0.77 0.75 0.94 0.49 0.61 0.61 0.35 0.59 0.56 0.54 0.62 0.33 0.60 0.89 0.56 0.60 0.53 0.59 0.66 0.51 0.62 0.59 0.62 0.28 0.39 0.35 0.52 0.61
0.51 0.62 0.54 0.57 0.00 0.38 0.50 0.57 0.54 0.55 0.41 0.75 0.72 0.69 0.69 0.60 0.69 0.71 0.60 0.65 0.68 0.69 0.44 0.58 0.61 0.75 0.68 0.55 0.69 0.72 0.73 0.67 0.65 0.70 0.62 0.61 0.68 0.63 0.61 0.51
0.75 0.71 0.77 0.77 0.38 0.00 0.41 0.75 0.44 0.76 0.31 0.80 0.81 0.77 0.69 0.76 0.73 0.75 0.76 0.72 0.76 0.76 0.52 0.76 0.65 0.57 0.75 0.59 0.76 0.76 0.75 0.77 0.69 0.75 0.65 0.76 0.76 0.77 0.74 0.50
0.62 0.57 0.68 0.68 0.50 0.41 0.00 0.63 0.25 0.67 0.33 0.69 0.76 0.63 0.52 0.74 0.56 0.62 0.65 0.54 0.60 0.64 0.47 0.66 0.46 0.59 0.67 0.49 0.67 0.69 0.67 0.69 0.55 0.62 0.53 0.68 0.69 0.66 0.56 0.32
0.40 0.59 0.27 0.30 0.57 0.75 0.63 0.00 0.67 0.47 0.67 0.77 0.78 0.72 0.91 0.61 0.59 0.57 0.34 0.59 0.55 0.56 0.61 0.36 0.57 0.87 0.61 0.57 0.57 0.63 0.66 0.56 0.61 0.59 0.62 0.40 0.56 0.40 0.50 0.60
0.59 0.48 0.70 0.71 0.54 0.44 0.25 0.67 0.00 0.64 0.32 0.63 0.61 0.49 0.67 0.66 0.67 0.70 0.68 0.63 0.65 0.60 0.61 0.70 0.55 0.62 0.72 0.57 0.64 0.72 0.73 0.74 0.62 0.58 0.61 0.67 0.73 0.67 0.52 0.42
0.21 0.63 0.39 0.44 0.55 0.76 0.67 0.47 0.64 0.00 0.66 0.83 0.52 0.64 0.94 0.33 0.68 0.67 0.48 0.64 0.62 0.51 0.68 0.50 0.66 0.89 0.61 0.66 0.47 0.54 0.68 0.61 0.67 0.58 0.68 0.43 0.54 0.47 0.54 0.64
0.63 0.66 0.68 0.70 0.41 0.31 0.33 0.67 0.32 0.66 0.00 0.68 0.66 0.63 0.66 0.69 0.74 0.75 0.70 0.73 0.74 0.74 0.61 0.71 0.61 0.57 0.71 0.61 0.74 0.74 0.76 0.75 0.69 0.73 0.66 0.73 0.76 0.74 0.62 0.48
0.76 0.56 0.84 0.86 0.75 0.80 0.69 0.77 0.63 0.83 0.68 0.00 0.77 0.71 0.85 0.85 0.83 0.87 0.81 0.87 0.83 0.86 0.88 0.83 0.77 0.76 0.90 0.82 0.86 0.90 0.90 0.91 0.77 0.83 0.85 0.86 0.91 0.84 0.72 0.74
0.59 0.73 0.75 0.77 0.72 0.81 0.76 0.78 0.61 0.52 0.66 0.77 0.00 0.52 0.88 0.63 0.85 0.84 0.74 0.82 0.81 0.66 0.85 0.81 0.78 0.86 0.81 0.81 0.67 0.73 0.84 0.85 0.81 0.75 0.82 0.74 0.82 0.75 0.67 0.77
0.57 0.55 0.73 0.75 0.69 0.77 0.63 0.72 0.49 0.64 0.63 0.71 0.52 0.00 0.73 0.69 0.78 0.78 0.70 0.74 0.70 0.67 0.78 0.76 0.71 0.87 0.77 0.75 0.75 0.79 0.78 0.79 0.76 0.65 0.77 0.76 0.80 0.72 0.46 0.68
0.91 0.79 0.94 0.94 0.69 0.69 0.52 0.91 0.67 0.94 0.66 0.85 0.88 0.73 0.00 0.94 0.79 0.88 0.92 0.75 0.85 0.90 0.71 0.93 0.75 0.81 0.92 0.76 0.93 0.94 0.92 0.94 0.83 0.88 0.78 0.94 0.94 0.93 0.87 0.66
0.34 0.64 0.49 0.49 0.60 0.76 0.74 0.61 0.66 0.33 0.69 0.85 0.63 0.69 0.94 0.00 0.74 0.75 0.59 0.69 0.70 0.58 0.76 0.58 0.73 0.89 0.68 0.73 0.58 0.61 0.76 0.68 0.75 0.65 0.75 0.47 0.58 0.53 0.63 0.72
0.66 0.51 0.55 0.61 0.69 0.73 0.56 0.59 0.67 0.68 0.74 0.83 0.85 0.78 0.79 0.74 0.00 0.36 0.44 0.37 0.27 0.46 0.35 0.39 0.17 0.84 0.44 0.30 0.52 0.47 0.67 0.44 0.35 0.37 0.34 0.44 0.48 0.41 0.54 0.38
0.65 0.60 0.55 0.61 0.71 0.75 0.62 0.57 0.70 0.67 0.75 0.87 0.84 0.78 0.88 0.75 0.36 0.00 0.48 0.46 0.40 0.49 0.43 0.46 0.38 0.72 0.50 0.39 0.51 0.52 0.67 0.50 0.43 0.44 0.22 0.49 0.52 0.49 0.55 0.44
0.39 0.63 0.28 0.35 0.60 0.76 0.65 0.34 0.68 0.48 0.70 0.81 0.74 0.70 0.92 0.59 0.44 0.48 0.00 0.48 0.38 0.40 0.49 0.25 0.41 0.89 0.46 0.41 0.44 0.46 0.67 0.43 0.45 0.40 0.47 0.27 0.42 0.24 0.50 0.50
0.62 0.60 0.52 0.59 0.65 0.72 0.54 0.59 0.63 0.64 0.73 0.87 0.82 0.74 0.75 0.69 0.37 0.46 0.48 0.00 0.43 0.43 0.34 0.46 0.43 0.87 0.52 0.43 0.49 0.53 0.67 0.52 0.48 0.43 0.40 0.46 0.53 0.46 0.50 0.39
0.59 0.44 0.51 0.56 0.68 0.76 0.60 0.55 0.65 0.62 0.74 0.83 0.81 0.70 0.85 0.70 0.27 0.40 0.38 0.43 0.00 0.38 0.44 0.30 0.30 0.88 0.33 0.24 0.47 0.46 0.67 0.37 0.30 0.21 0.42 0.41 0.48 0.37 0.47 0.46
0.52 0.57 0.46 0.54 0.69 0.76 0.64 0.56 0.60 0.51 0.74 0.86 0.66 0.67 0.90 0.58 0.46 0.49 0.40 0.43 0.38 0.00 0.49 0.39 0.47 0.89 0.48 0.45 0.41 0.48 0.68 0.47 0.48 0.32 0.48 0.34 0.47 0.34 0.39 0.49
0.66 0.65 0.57 0.62 0.44 0.52 0.47 0.61 0.61 0.68 0.61 0.88 0.85 0.78 0.71 0.76 0.35 0.43 0.49 0.34 0.44 0.49 0.00 0.49 0.38 0.74 0.50 0.31 0.52 0.52 0.67 0.51 0.40 0.46 0.28 0.50 0.52 0.50 0.56 0.27
0.43 0.62 0.25 0.33 0.58 0.76 0.66 0.36 0.70 0.50 0.71 0.83 0.81 0.76 0.93 0.58 0.39 0.46 0.25 0.46 0.30 0.39 0.49 0.00 0.39 0.89 0.36 0.32 0.45 0.45 0.68 0.30 0.37 0.32 0.47 0.21 0.32 0.26 0.52 0.50
0.62 0.53 0.54 0.60 0.61 0.65 0.46 0.57 0.55 0.66 0.61 0.77 0.78 0.71 0.75 0.73 0.17 0.38 0.41 0.43 0.30 0.47 0.38 0.39 0.00 0.78 0.42 0.25 0.50 0.46 0.66 0.43 0.32 0.36 0.36 0.44 0.48 0.41 0.50 0.33
0.89 0.78 0.89 0.89 0.75 0.57 0.59 0.87 0.62 0.89 0.57 0.76 0.86 0.87 0.81 0.89 0.84 0.72 0.89 0.87 0.88 0.89 0.74 0.89 0.78 0.00 0.88 0.77 0.89 0.89 0.88 0.89 0.70 0.88 0.75 0.89 0.89 0.89 0.87 0.60
0.60 0.72 0.51 0.56 0.68 0.75 0.67 0.61 0.72 0.61 0.71 0.90 0.81 0.77 0.92 0.68 0.44 0.50 0.46 0.52 0.33 0.48 0.50 0.36 0.42 0.88 0.00 0.32 0.49 0.33 0.64 0.31 0.29 0.36 0.48 0.45 0.43 0.43 0.57 0.52
0.63 0.57 0.54 0.60 0.55 0.59 0.49 0.57 0.57 0.66 0.61 0.82 0.81 0.75 0.76 0.73 0.30 0.39 0.41 0.43 0.24 0.45 0.31 0.32 0.25 0.77 0.32 0.00 0.50 0.47 0.66 0.37 0.22 0.27 0.32 0.43 0.47 0.40 0.52 0.33
0.52 0.65 0.47 0.53 0.69 0.76 0.67 0.57 0.64 0.47 0.74 0.86 0.67 0.75 0.93 0.58 0.52 0.51 0.44 0.49 0.47 0.41 0.52 0.45 0.50 0.89 0.49 0.50 0.00 0.29 0.67 0.50 0.51 0.43 0.52 0.39 0.46 0.42 0.56 0.49
0.58 0.73 0.54 0.59 0.72 0.76 0.69 0.63 0.72 0.54 0.74 0.90 0.73 0.79 0.94 0.61 0.47 0.52 0.46 0.53 0.46 0.48 0.52 0.45 0.46 0.89 0.33 0.47 0.29 0.00 0.68 0.42 0.46 0.44 0.49 0.44 0.40 0.46 0.61 0.52
0.67 0.73 0.65 0.66 0.73 0.75 0.67 0.66 0.73 0.68 0.76 0.90 0.84 0.78 0.92 0.76 0.67 0.67 0.67 0.67 0.67 0.68 0.67 0.68 0.66 0.88 0.64 0.66 0.67 0.68 0.00 0.60 0.66 0.67 0.66 0.68 0.68 0.67 0.64 0.66
0.59 0.72 0.46 0.51 0.67 0.77 0.69 0.56 0.74 0.61 0.75 0.91 0.85 0.79 0.94 0.68 0.44 0.50 0.43 0.52 0.37 0.47 0.51 0.30 0.43 0.89 0.31 0.37 0.50 0.42 0.60 0.00 0.38 0.36 0.50 0.40 0.39 0.38 0.59 0.54
0.65 0.61 0.57 0.62 0.65 0.69 0.55 0.61 0.62 0.67 0.69 0.77 0.81 0.76 0.83 0.75 0.35 0.43 0.45 0.48 0.30 0.48 0.40 0.37 0.32 0.70 0.29 0.22 0.51 0.46 0.66 0.38 0.00 0.32 0.37 0.46 0.47 0.43 0.57 0.32
0.55 0.51 0.53 0.59 0.70 0.75 0.62 0.59 0.58 0.58 0.73 0.83 0.75 0.65 0.88 0.65 0.37 0.44 0.40 0.43 0.21 0.32 0.46 0.32 0.36 0.88 0.36 0.27 0.43 0.44 0.67 0.36 0.32 0.00 0.44 0.38 0.45 0.37 0.43 0.43
0.66 0.62 0.57 0.62 0.62 0.65 0.53 0.62 0.61 0.68 0.66 0.85 0.82 0.77 0.78 0.75 0.34 0.22 0.47 0.40 0.42 0.48 0.28 0.47 0.36 0.75 0.48 0.32 0.52 0.49 0.66 0.50 0.37 0.44 0.00 0.48 0.49 0.48 0.57 0.32
0.37 0.63 0.25 0.28 0.61 0.76 0.68 0.40 0.67 0.43 0.73 0.86 0.74 0.76 0.94 0.47 0.44 0.49 0.27 0.46 0.41 0.34 0.50 0.21 0.44 0.89 0.45 0.43 0.39 0.44 0.68 0.40 0.46 0.38 0.48 0.00 0.30 0.17 0.53 0.50
0.50 0.73 0.40 0.39 0.68 0.76 0.69 0.56 0.73 0.54 0.76 0.91 0.82 0.80 0.94 0.58 0.48 0.52 0.42 0.53 0.48 0.47 0.52 0.32 0.48 0.89 0.43 0.47 0.46 0.40 0.68 0.39 0.47 0.45 0.49 0.30 0.00 0.41 0.62 0.52
0.41 0.64 0.29 0.35 0.63 0.77 0.66 0.40 0.67 0.47 0.74 0.84 0.75 0.72 0.93 0.53 0.41 0.49 0.24 0.46 0.37 0.34 0.50 0.26 0.41 0.89 0.43 0.40 0.42 0.46 0.67 0.38 0.43 0.37 0.48 0.17 0.41 0.00 0.50 0.50
0.49 0.43 0.49 0.52 0.61 0.74 0.56 0.50 0.52 0.54 0.62 0.72 0.67 0.46 0.87 0.63 0.54 0.55 0.50 0.50 0.47 0.39 0.56 0.52 0.50 0.87 0.57 0.52 0.56 0.61 0.64 0.59 0.57 0.43 0.57 0.53 0.62 0.50 0.00 0.52
0.60 0.55 0.55 0.61 0.51 0.50 0.32 0.60 0.42 0.64 0.48 0.74 0.77 0.68 0.66 0.72 0.38 0.44 0.50 0.39 0.46 0.49 0.27 0.50 0.33 0.60 0.52 0.33 0.49 0.52 0.66 0.54 0.32 0.43 0.32 0.50 0.52 0.50 0.52 0.00
