0.00 0.54 0.30 0.34 0.49 0.71 0.58 0.35 0.54 0.17 0.59 0.74 0.55 0.55 0.89 0.29 0.62 0.62 0.35 0.58 0.57 0.47 0.63 0.38 0.59 0.87 0.57 0.60 0.49 0.52 0.64 0.56 0.62 0.52 0.63 0.33 0.47 0.37 0.44 0.55
0.54 0.00 0.61 0.63 0.57 0.66 0.54 0.56 0.47 0.58 0.61 0.54 0.68 0.56 0.78 0.60 0.46 0.54 0.59 0.56 0.41 0.54 0.61 0.58 0.47 0.78 0.72 0.55 0.62 0.71 0.72 0.69 0.60 0.48 0.58 0.57 0.70 0.57 0.34 0.52
0.30 0.61 0.00 0.15 0.52 0.73 0.64 0.24 0.64 0.36 0.64 0.80 0.69 0.68 0.93 0.45 0.52 0.51 0.22 0.49 0.49 0.44 0.54 0.22 0.51 0.87 0.48 0.50 0.43 0.50 0.61 0.42 0.53 0.48 0.54 0.21 0.39 0.25 0.43 0.52
0.34 0.63 0.15 0.00 0.53 0.73 0.64 0.26 0.66 0.41 0.66 0.81 0.72 0.70 0.93 0.46 0.58 0.58 0.27 0.57 0.55 0.52 0.60 0.31 0.58 0.87 0.54 0.57 0.51 0.56 0.61 0.48 0.60 0.56 0.61 0.28 0.36 0.36 0.47 0.59
0.49 0.57 0.52 0.53 0.00 0.35 0.46 0.53 0.47 0.55 0.40 0.72 0.70 0.65 0.68 0.57 0.66 0.68 0.57 0.62 0.66 0.67 0.39 0.55 0.58 0.72 0.66 0.52 0.66 0.68 0.70 0.63 0.62 0.67 0.59 0.58 0.65 0.61 0.58 0.47
0.71 0.66 0.73 0.73 0.35 0.00 0.37 0.71 0.42 0.72 0.25 0.75 0.79 0.76 0.68 0.73 0.68 0.72 0.72 0.68 0.72 0.72 0.49 0.73 0.62 0.56 0.73 0.56 0.72 0.73 0.71 0.73 0.65 0.71 0.61 0.73 0.73 0.73 0.69 0.45
0.58 0.54 0.64 0.64 0.46 0.37 0.00 0.58 0.23 0.63 0.29 0.64 0.71 0.59 0.50 0.72 0.52 0.57 0.61 0.50 0.56 0.59 0.40 0.61 0.40 0.57 0.64 0.45 0.63 0.65 0.64 0.65 0.52 0.59 0.48 0.64 0.65 0.61 0.51 0.27
0.35 0.56 0.24 0.26 0.53 0.71 0.58 0.00 0.61 0.41 0.63 0.74 0.73 0.67 0.89 0.56 0.54 0.54 0.27 0.57 0.53 0.55 0.58 0.33 0.53 0.85 0.60 0.54 0.54 0.61 0.61 0.51 0.57 0.56 0.58 0.37 0.55 0.36 0.46 0.56
0.54 0.47 0.64 0.66 0.47 0.42 0.23 0.61 0.00 0.58 0.28 0.59 0.55 0.47 0.63 0.62 0.61 0.65 0.62 0.57 0.61 0.54 0.54 0.63 0.51 0.60 0.69 0.53 0.61 0.66 0.69 0.69 0.58 0.55 0.58 0.60 0.67 0.60 0.46 0.37
0.17 0.58 0.36 0.41 0.55 0.72 0.63 0.41 0.58 0.00 0.62 0.78 0.47 0.60 0.93 0.30 0.64 0.64 0.41 0.58 0.59 0.46 0.64 0.47 0.61 0.87 0.57 0.62 0.45 0.47 0.64 0.56 0.63 0.52 0.64 0.38 0.50 0.39 0.44 0.60
0.59 0.61 0.64 0.66 0.40 0.25 0.29 0.63 0.28 0.62 0.00 0.64 0.65 0.61 0.65 0.64 0.68 0.71 0.65 0.67 0.69 0.69 0.56 0.66 0.57 0.55 0.69 0.56 0.69 0.69 0.71 0.70 0.63 0.68 0.62 0.67 0.71 0.69 0.57 0.42
0.74 0.54 0.80 0.81 0.72 0.75 0.64 0.74 0.59 0.78 0.64 0.00 0.73 0.68 0.82 0.81 0.82 0.84 0.78 0.84 0.82 0.84 0.84 0.80 0.76 0.71 0.89 0.80 0.85 0.88 0.89 0.88 0.76 0.83 0.82 0.83 0.88 0.81 0.67 0.68
0.55 0.68 0.69 0.72 0.70 0.79 0.71 0.73 0.55 0.47 0.65 0.73 0.00 0.50 0.84 0.56 0.83 0.83 0.70 0.78 0.78 0.62 0.82 0.76 0.77 0.84 0.80 0.79 0.64 0.68 0.83 0.82 0.80 0.69 0.80 0.66 0.79 0.65 0.55 0.74
0.55 0.56 0.68 0.70 0.65 0.76 0.59 0.67 0.47 0.60 0.61 0.68 0.50 0.00 0.76 0.62 0.70 0.77 0.64 0.72 0.67 0.57 0.75 0.72 0.62 0.85 0.77 0.73 0.71 0.77 0.78 0.78 0.75 0.64 0.77 0.72 0.78 0.68 0.47 0.66
0.89 0.78 0.93 0.93 0.68 0.68 0.50 0.89 0.63 0.93 0.65 0.82 0.84 0.76 0.00 0.93 0.80 0.85 0.91 0.69 0.84 0.85 0.68 0.91 0.69 0.78 0.93 0.73 0.93 0.93 0.91 0.93 0.82 0.86 0.77 0.93 0.93 0.92 0.84 0.63
0.29 0.60 0.45 0.46 0.57 0.73 0.72 0.56 0.62 0.30 0.64 0.81 0.56 0.62 0.93 0.00 0.73 0.72 0.51 0.67 0.68 0.51 0.73 0.55 0.71 0.87 0.66 0.70 0.59 0.58 0.74 0.64 0.73 0.59 0.73 0.43 0.55 0.47 0.55 0.70
0.62 0.46 0.52 0.58 0.66 0.68 0.52 0.54 0.61 0.64 0.68 0.82 0.83 0.70 0.80 0.73 0.00 0.33 0.42 0.27 0.23 0.40 0.36 0.37 0.18 0.81 0.44 0.29 0.52 0.46 0.62 0.43 0.34 0.31 0.32 0.43 0.47 0.40 0.45 0.37
0.62 0.54 0.51 0.58 0.68 0.72 0.57 0.54 0.65 0.64 0.71 0.84 0.83 0.77 0.85 0.72 0.33 0.00 0.46 0.41 0.39 0.47 0.40 0.44 0.34 0.72 0.51 0.38 0.51 0.51 0.62 0.49 0.43 0.46 0.25 0.48 0.51 0.47 0.54 0.41
0.35 0.59 0.22 0.27 0.57 0.72 0.61 0.27 0.62 0.41 0.65 0.78 0.70 0.64 0.91 0.51 0.42 0.46 0.00 0.47 0.38 0.39 0.48 0.22 0.40 0.87 0.44 0.40 0.42 0.45 0.62 0.40 0.43 0.39 0.46 0.24 0.40 0.23 0.44 0.48
0.58 0.56 0.49 0.57 0.62 0.68 0.50 0.57 0.57 0.58 0.67 0.84 0.78 0.72 0.69 0.67 0.27 0.41 0.47 0.00 0.42 0.41 0.32 0.46 0.37 0.85 0.52 0.41 0.48 0.53 0.62 0.50 0.45 0.42 0.33 0.45 0.52 0.44 0.47 0.35
0.57 0.41 0.49 0.55 0.66 0.72 0.56 0.53 0.61 0.59 0.69 0.82 0.78 0.67 0.84 0.68 0.23 0.39 0.38 0.42 0.00 0.37 0.41 0.30 0.23 0.86 0.33 0.23 0.47 0.46 0.62 0.35 0.29 0.19 0.39 0.41 0.45 0.37 0.36 0.43
0.47 0.54 0.44 0.52 0.67 0.72 0.59 0.55 0.54 0.46 0.69 0.84 0.62 0.57 0.85 0.51 0.40 0.47 0.39 0.41 0.37 0.00 0.47 0.41 0.39 0.87 0.48 0.43 0.43 0.48 0.63 0.46 0.48 0.23 0.47 0.32 0.48 0.30 0.39 0.48
0.63 0.61 0.54 0.60 0.39 0.49 0.40 0.58 0.54 0.64 0.56 0.84 0.82 0.75 0.68 0.73 0.36 0.40 0.48 0.32 0.41 0.47 0.00 0.48 0.35 0.74 0.50 0.30 0.51 0.51 0.62 0.50 0.39 0.46 0.26 0.49 0.51 0.49 0.54 0.25
0.38 0.58 0.22 0.31 0.55 0.73 0.61 0.33 0.63 0.47 0.66 0.80 0.76 0.72 0.91 0.55 0.37 0.44 0.22 0.46 0.30 0.41 0.48 0.00 0.37 0.87 0.34 0.30 0.43 0.44 0.63 0.28 0.35 0.31 0.46 0.19 0.33 0.23 0.48 0.48
0.59 0.47 0.51 0.58 0.58 0.62 0.40 0.53 0.51 0.61 0.57 0.76 0.77 0.62 0.69 0.71 0.18 0.34 0.40 0.37 0.23 0.39 0.35 0.37 0.00 0.76 0.41 0.24 0.50 0.45 0.61 0.40 0.31 0.31 0.31 0.44 0.46 0.40 0.44 0.31
0.87 0.78 0.87 0.87 0.72 0.56 0.57 0.85 0.60 0.87 0.55 0.71 0.84 0.85 0.78 0.87 0.81 0.72 0.87 0.85 0.86 0.87 0.74 0.87 0.76 0.00 0.87 0.74 0.86 0.87 0.86 0.87 0.68 0.86 0.66 0.87 0.87 0.87 0.85 0.59
0.57 0.72 0.48 0.54 0.66 0.73 0.64 0.60 0.69 0.57 0.69 0.89 0.80 0.77 0.93 0.66 0.44 0.51 0.44 0.52 0.33 0.48 0.50 0.34 0.41 0.87 0.00 0.31 0.49 0.32 0.60 0.29 0.26 0.35 0.48 0.44 0.42 0.42 0.56 0.52
0.60 0.55 0.50 0.57 0.52 0.56 0.45 0.54 0.53 0.62 0.56 0.80 0.79 0.73 0.73 0.70 0.29 0.38 0.40 0.41 0.23 0.43 0.30 0.30 0.24 0.74 0.31 0.00 0.49 0.46 0.62 0.35 0.20 0.29 0.30 0.42 0.46 0.38 0.50 0.31
0.49 0.62 0.43 0.51 0.66 0.72 0.63 0.54 0.61 0.45 0.69 0.85 0.64 0.71 0.93 0.59 0.52 0.51 0.42 0.48 0.47 0.43 0.51 0.43 0.50 0.86 0.49 0.49 0.00 0.26 0.62 0.49 0.50 0.42 0.51 0.40 0.45 0.41 0.51 0.48
0.52 0.71 0.50 0.56 0.68 0.73 0.65 0.61 0.66 0.47 0.69 0.88 0.68 0.77 0.93 0.58 0.46 0.51 0.45 0.53 0.46 0.48 0.51 0.44 0.45 0.87 0.32 0.46 0.26 0.00 0.62 0.40 0.45 0.42 0.48 0.42 0.37 0.45 0.58 0.51
0.64 0.72 0.61 0.61 0.70 0.71 0.64 0.61 0.69 0.64 0.71 0.89 0.83 0.78 0.91 0.74 0.62 0.62 0.62 0.62 0.62 0.63 0.62 0.63 0.61 0.86 0.60 0.62 0.62 0.62 0.00 0.54 0.61 0.62 0.62 0.62 0.63 0.62 0.60 0.61
0.56 0.69 0.42 0.48 0.63 0.73 0.65 0.51 0.69 0.56 0.70 0.88 0.82 0.78 0.93 0.64 0.43 0.49 0.40 0.50 0.35 0.46 0.50 0.28 0.40 0.87 0.29 0.35 0.49 0.40 0.54 0.00 0.36 0.35 0.48 0.37 0.37 0.38 0.55 0.52
0.62 0.60 0.53 0.60 0.62 0.65 0.52 0.57 0.58 0.63 0.63 0.76 0.80 0.75 0.82 0.73 0.34 0.43 0.43 0.45 0.29 0.48 0.39 0.35 0.31 0.68 0.26 0.20 0.50 0.45 0.61 0.36 0.00 0.32 0.35 0.45 0.46 0.42 0.54 0.32
0.52 0.48 0.48 0.56 0.67 0.71 0.59 0.56 0.55 0.52 0.68 0.83 0.69 0.64 0.86 0.59 0.31 0.46 0.39 0.42 0.19 0.23 0.46 0.31 0.31 0.86 0.35 0.29 0.42 0.42 0.62 0.35 0.32 0.00 0.44 0.35 0.42 0.34 0.37 0.43
0.63 0.58 0.54 0.61 0.59 0.61 0.48 0.58 0.58 0.64 0.62 0.82 0.80 0.77 0.77 0.73 0.32 0.25 0.46 0.33 0.39 0.47 0.26 0.46 0.31 0.66 0.48 0.30 0.51 0.48 0.62 0.48 0.35 0.44 0.00 0.47 0.48 0.47 0.55 0.30
0.33 0.57 0.21 0.28 0.58 0.73 0.64 0.37 0.60 0.38 0.67 0.83 0.66 0.72 0.93 0.43 0.43 0.48 0.24 0.45 0.41 0.32 0.49 0.19 0.44 0.87 0.44 0.42 0.40 0.42 0.62 0.37 0.45 0.35 0.47 0.00 0.30 0.14 0.45 0.49
0.47 0.70 0.39 0.36 0.65 0.73 0.65 0.55 0.67 0.50 0.71 0.88 0.79 0.78 0.93 0.55 0.47 0.51 0.40 0.52 0.45 0.48 0.51 0.33 0.46 0.87 0.42 0.46 0.45 0.37 0.63 0.37 0.46 0.42 0.48 0.30 0.00 0.40 0.58 0.50
0.37 0.57 0.25 0.36 0.61 0.73 0.61 0.36 0.60 0.39 0.69 0.81 0.65 0.68 0.92 0.47 0.40 0.47 0.23 0.44 0.37 0.30 0.49 0.23 0.40 0.87 0.42 0.38 0.41 0.45 0.62 0.38 0.42 0.34 0.47 0.14 0.40 0.00 0.43 0.48
0.44 0.34 0.43 0.47 0.58 0.69 0.51 0.46 0.46 0.44 0.57 0.67 0.55 0.47 0.84 0.55 0.45 0.54 0.44 0.47 0.36 0.39 0.54 0.48 0.44 0.85 0.56 0.50 0.51 0.58 0.60 0.55 0.54 0.37 0.55 0.45 0.58 0.43 0.00 0.49
0.55 0.52 0.52 0.59 0.47 0.45 0.27 0.56 0.37 0.60 0.42 0.68 0.74 0.66 0.63 0.70 0.37 0.41 0.48 0.35 0.43 0.48 0.25 0.48 0.31 0.59 0.52 0.31 0.48 0.51 0.61 0.52 0.32 0.43 0.30 0.49 0.50 0.48 0.49 0.00
