0.00 0.66 0.41 0.48 0.58 0.83 0.75 0.51 0.72 0.35 0.73 0.84 0.75 0.69 0.94 0.45 0.81 0.78 0.54 0.76 0.68 0.67 0.79 0.55 0.76 0.93 0.66 0.75 0.64 0.74 0.71 0.69 0.77 0.70 0.80 0.55 0.69 0.51 0.65 0.74
0.66 0.00 0.76 0.76 0.71 0.80 0.66 0.64 0.65 0.73 0.75 0.61 0.79 0.69 0.90 0.77 0.63 0.64 0.69 0.67 0.52 0.67 0.70 0.70 0.59 0.87 0.74 0.62 0.73 0.78 0.76 0.78 0.67 0.58 0.70 0.73 0.79 0.71 0.53 0.65
0.41 0.76 0.00 0.21 0.59 0.84 0.78 0.37 0.81 0.45 0.78 0.93 0.85 0.80 0.95 0.59 0.66 0.65 0.42 0.63 0.57 0.61 0.66 0.40 0.64 0.93 0.57 0.64 0.57 0.65 0.73 0.56 0.65 0.64 0.68 0.39 0.60 0.38 0.60 0.66
0.48 0.76 0.21 0.00 0.62 0.85 0.78 0.44 0.82 0.52 0.80 0.93 0.86 0.82 0.96 0.59 0.71 0.69 0.51 0.68 0.62 0.65 0.70 0.43 0.68 0.93 0.61 0.68 0.61 0.69 0.75 0.59 0.68 0.68 0.71 0.42 0.57 0.47 0.64 0.70
0.58 0.71 0.59 0.62 0.00 0.49 0.55 0.61 0.61 0.62 0.56 0.83 0.80 0.73 0.74 0.69 0.76 0.76 0.68 0.73 0.72 0.77 0.54 0.66 0.67 0.83 0.75 0.60 0.74 0.80 0.79 0.75 0.71 0.77 0.71 0.69 0.77 0.72 0.71 0.59
0.83 0.80 0.84 0.85 0.49 0.00 0.50 0.81 0.51 0.84 0.47 0.87 0.84 0.81 0.71 0.85 0.83 0.82 0.85 0.83 0.84 0.87 0.66 0.85 0.73 0.64 0.80 0.64 0.83 0.86 0.84 0.86 0.78 0.85 0.76 0.86 0.86 0.86 0.84 0.64
0.75 0.66 0.78 0.78 0.55 0.50 0.00 0.73 0.28 0.78 0.45 0.80 0.80 0.68 0.58 0.80 0.70 0.73 0.77 0.68 0.73 0.78 0.60 0.79 0.53 0.72 0.73 0.57 0.77 0.80 0.77 0.79 0.65 0.75 0.66 0.79 0.80 0.78 0.70 0.44
0.51 0.64 0.37 0.44 0.61 0.81 0.73 0.00 0.77 0.56 0.78 0.84 0.83 0.76 0.94 0.70 0.68 0.65 0.41 0.66 0.60 0.66 0.68 0.43 0.64 0.91 0.66 0.63 0.61 0.71 0.75 0.63 0.67 0.67 0.70 0.51 0.68 0.49 0.62 0.67
0.72 0.65 0.81 0.82 0.61 0.51 0.28 0.77 0.00 0.77 0.45 0.72 0.71 0.54 0.72 0.79 0.77 0.78 0.79 0.75 0.78 0.75 0.71 0.82 0.61 0.71 0.78 0.63 0.78 0.82 0.82 0.84 0.71 0.71 0.72 0.80 0.84 0.80 0.66 0.53
0.35 0.73 0.45 0.52 0.62 0.84 0.78 0.56 0.77 0.00 0.75 0.92 0.72 0.75 0.95 0.43 0.78 0.76 0.58 0.74 0.67 0.65 0.77 0.61 0.74 0.93 0.71 0.75 0.58 0.68 0.79 0.71 0.76 0.69 0.77 0.57 0.70 0.58 0.69 0.74
0.73 0.75 0.78 0.80 0.56 0.47 0.45 0.78 0.45 0.75 0.00 0.77 0.71 0.72 0.70 0.79 0.84 0.84 0.82 0.84 0.81 0.86 0.74 0.84 0.68 0.75 0.77 0.69 0.80 0.85 0.85 0.85 0.77 0.84 0.78 0.85 0.85 0.85 0.75 0.62
0.84 0.61 0.93 0.93 0.83 0.87 0.80 0.84 0.72 0.92 0.77 0.00 0.82 0.74 0.90 0.92 0.90 0.88 0.90 0.91 0.88 0.91 0.90 0.91 0.83 0.90 0.92 0.86 0.90 0.94 0.92 0.94 0.85 0.89 0.90 0.93 0.95 0.91 0.76 0.83
0.75 0.79 0.85 0.86 0.80 0.84 0.80 0.83 0.71 0.72 0.71 0.82 0.00 0.65 0.93 0.83 0.89 0.87 0.84 0.87 0.85 0.83 0.88 0.88 0.80 0.90 0.85 0.85 0.80 0.83 0.88 0.89 0.85 0.83 0.88 0.86 0.89 0.86 0.77 0.82
0.69 0.69 0.80 0.82 0.73 0.81 0.68 0.76 0.54 0.75 0.72 0.74 0.65 0.00 0.86 0.80 0.81 0.80 0.77 0.79 0.79 0.78 0.81 0.82 0.72 0.90 0.81 0.78 0.80 0.83 0.80 0.82 0.78 0.75 0.80 0.82 0.84 0.79 0.63 0.71
0.94 0.90 0.95 0.96 0.74 0.71 0.58 0.94 0.72 0.95 0.70 0.90 0.93 0.86 0.00 0.95 0.86 0.91 0.95 0.83 0.93 0.95 0.78 0.95 0.81 0.85 0.94 0.80 0.95 0.96 0.94 0.96 0.87 0.93 0.82 0.96 0.96 0.95 0.92 0.71
0.45 0.77 0.59 0.59 0.69 0.85 0.80 0.70 0.79 0.43 0.79 0.92 0.83 0.80 0.95 0.00 0.82 0.81 0.71 0.78 0.76 0.73 0.82 0.66 0.80 0.93 0.74 0.80 0.65 0.71 0.82 0.74 0.81 0.75 0.82 0.59 0.69 0.64 0.78 0.80
0.81 0.63 0.66 0.71 0.76 0.83 0.70 0.68 0.77 0.78 0.84 0.90 0.89 0.81 0.86 0.82 0.00 0.44 0.49 0.43 0.31 0.50 0.41 0.44 0.30 0.88 0.63 0.34 0.60 0.48 0.78 0.47 0.37 0.42 0.42 0.48 0.51 0.51 0.65 0.42
0.78 0.64 0.65 0.69 0.76 0.82 0.73 0.65 0.78 0.76 0.84 0.88 0.87 0.80 0.91 0.81 0.44 0.00 0.53 0.49 0.47 0.55 0.47 0.52 0.41 0.85 0.60 0.42 0.59 0.56 0.76 0.54 0.45 0.51 0.35 0.55 0.56 0.53 0.64 0.46
0.54 0.69 0.42 0.51 0.68 0.85 0.77 0.41 0.79 0.58 0.82 0.90 0.84 0.77 0.95 0.71 0.49 0.53 0.00 0.50 0.40 0.42 0.52 0.31 0.48 0.93 0.63 0.45 0.52 0.50 0.78 0.46 0.48 0.45 0.50 0.32 0.49 0.28 0.61 0.54
0.76 0.67 0.63 0.68 0.73 0.83 0.68 0.66 0.75 0.74 0.84 0.91 0.87 0.79 0.83 0.78 0.43 0.49 0.50 0.00 0.48 0.49 0.37 0.50 0.44 0.90 0.62 0.45 0.58 0.56 0.77 0.54 0.50 0.47 0.48 0.50 0.56 0.50 0.60 0.43
0.68 0.52 0.57 0.62 0.72 0.84 0.73 0.60 0.78 0.67 0.81 0.88 0.85 0.79 0.93 0.76 0.31 0.47 0.40 0.48 0.00 0.42 0.48 0.37 0.39 0.92 0.58 0.35 0.54 0.47 0.76 0.40 0.38 0.31 0.45 0.44 0.49 0.42 0.52 0.50
0.67 0.67 0.61 0.65 0.77 0.87 0.78 0.66 0.75 0.65 0.86 0.91 0.83 0.78 0.95 0.73 0.50 0.55 0.42 0.49 0.42 0.00 0.53 0.43 0.50 0.93 0.65 0.46 0.55 0.50 0.80 0.48 0.49 0.37 0.50 0.40 0.50 0.39 0.53 0.54
0.79 0.70 0.66 0.70 0.54 0.66 0.60 0.68 0.71 0.77 0.74 0.90 0.88 0.81 0.78 0.82 0.41 0.47 0.52 0.37 0.48 0.53 0.00 0.52 0.40 0.83 0.62 0.33 0.60 0.54 0.77 0.54 0.44 0.50 0.36 0.53 0.54 0.53 0.65 0.31
0.55 0.70 0.40 0.43 0.66 0.85 0.79 0.43 0.82 0.61 0.84 0.91 0.88 0.82 0.95 0.66 0.44 0.52 0.31 0.50 0.37 0.43 0.52 0.00 0.49 0.93 0.60 0.36 0.53 0.47 0.78 0.34 0.40 0.39 0.51 0.25 0.39 0.34 0.63 0.55
0.76 0.59 0.64 0.68 0.67 0.73 0.53 0.64 0.61 0.74 0.68 0.83 0.80 0.72 0.81 0.80 0.30 0.41 0.48 0.44 0.39 0.50 0.40 0.49 0.00 0.82 0.58 0.31 0.57 0.52 0.76 0.51 0.37 0.46 0.40 0.51 0.52 0.50 0.59 0.37
0.93 0.87 0.93 0.93 0.83 0.64 0.72 0.91 0.71 0.93 0.75 0.90 0.90 0.90 0.85 0.93 0.88 0.85 0.93 0.90 0.92 0.93 0.83 0.93 0.82 0.00 0.89 0.81 0.92 0.93 0.91 0.93 0.77 0.92 0.82 0.93 0.93 0.93 0.92 0.75
0.66 0.74 0.57 0.61 0.75 0.80 0.73 0.66 0.78 0.71 0.77 0.92 0.85 0.81 0.94 0.74 0.63 0.60 0.63 0.62 0.58 0.65 0.62 0.60 0.58 0.89 0.00 0.58 0.58 0.54 0.64 0.57 0.59 0.64 0.63 0.63 0.60 0.59 0.63 0.61
0.75 0.62 0.64 0.68 0.60 0.64 0.57 0.63 0.63 0.75 0.69 0.86 0.85 0.78 0.80 0.80 0.34 0.42 0.45 0.45 0.35 0.46 0.33 0.36 0.31 0.81 0.58 0.00 0.58 0.47 0.76 0.40 0.28 0.35 0.35 0.44 0.50 0.47 0.61 0.37
0.64 0.73 0.57 0.61 0.74 0.83 0.77 0.61 0.78 0.58 0.80 0.90 0.80 0.80 0.95 0.65 0.60 0.59 0.52 0.58 0.54 0.55 0.60 0.53 0.57 0.92 0.58 0.58 0.00 0.41 0.78 0.57 0.58 0.55 0.60 0.52 0.54 0.53 0.65 0.57
0.74 0.78 0.65 0.69 0.80 0.86 0.80 0.71 0.82 0.68 0.85 0.94 0.83 0.83 0.96 0.71 0.48 0.56 0.50 0.56 0.47 0.50 0.54 0.47 0.52 0.93 0.54 0.47 0.41 0.00 0.80 0.45 0.47 0.45 0.51 0.47 0.46 0.50 0.68 0.55
0.71 0.76 0.73 0.75 0.79 0.84 0.77 0.75 0.82 0.79 0.85 0.92 0.88 0.80 0.94 0.82 0.78 0.76 0.78 0.77 0.76 0.80 0.77 0.78 0.76 0.91 0.64 0.76 0.78 0.80 0.00 0.72 0.76 0.79 0.78 0.79 0.80 0.74 0.75 0.77
0.69 0.78 0.56 0.59 0.75 0.86 0.79 0.63 0.84 0.71 0.85 0.94 0.89 0.82 0.96 0.74 0.47 0.54 0.46 0.54 0.40 0.48 0.54 0.34 0.51 0.93 0.57 0.40 0.57 0.45 0.72 0.00 0.40 0.41 0.51 0.43 0.43 0.44 0.66 0.56
0.77 0.67 0.65 0.68 0.71 0.78 0.65 0.67 0.71 0.76 0.77 0.85 0.85 0.78 0.87 0.81 0.37 0.45 0.48 0.50 0.38 0.49 0.44 0.40 0.37 0.77 0.59 0.28 0.58 0.47 0.76 0.40 0.00 0.34 0.41 0.48 0.50 0.49 0.64 0.36
0.70 0.58 0.64 0.68 0.77 0.85 0.75 0.67 0.71 0.69 0.84 0.89 0.83 0.75 0.93 0.75 0.42 0.51 0.45 0.47 0.31 0.37 0.50 0.39 0.46 0.92 0.64 0.35 0.55 0.45 0.79 0.41 0.34 0.00 0.47 0.44 0.50 0.45 0.50 0.49
0.80 0.70 0.68 0.71 0.71 0.76 0.66 0.70 0.72 0.77 0.78 0.90 0.88 0.80 0.82 0.82 0.42 0.35 0.50 0.48 0.45 0.50 0.36 0.51 0.40 0.82 0.63 0.35 0.60 0.51 0.78 0.51 0.41 0.47 0.00 0.51 0.51 0.51 0.66 0.38
0.55 0.73 0.39 0.42 0.69 0.86 0.79 0.51 0.80 0.57 0.85 0.93 0.86 0.82 0.96 0.59 0.48 0.55 0.32 0.50 0.44 0.40 0.53 0.25 0.51 0.93 0.63 0.44 0.52 0.47 0.79 0.43 0.48 0.44 0.51 0.00 0.42 0.26 0.65 0.55
0.69 0.79 0.60 0.57 0.77 0.86 0.80 0.68 0.84 0.70 0.85 0.95 0.89 0.84 0.96 0.69 0.51 0.56 0.49 0.56 0.49 0.50 0.54 0.39 0.52 0.93 0.60 0.50 0.54 0.46 0.80 0.43 0.50 0.50 0.51 0.42 0.00 0.50 0.69 0.56
0.51 0.71 0.38 0.47 0.72 0.86 0.78 0.49 0.80 0.58 0.85 0.91 0.86 0.79 0.95 0.64 0.51 0.53 0.28 0.50 0.42 0.39 0.53 0.34 0.50 0.93 0.59 0.47 0.53 0.50 0.74 0.44 0.49 0.45 0.51 0.26 0.50 0.00 0.59 0.55
0.65 0.53 0.60 0.64 0.71 0.84 0.70 0.62 0.66 0.69 0.75 0.76 0.77 0.63 0.92 0.78 0.65 0.64 0.61 0.60 0.52 0.53 0.65 0.63 0.59 0.92 0.63 0.61 0.65 0.68 0.75 0.66 0.64 0.50 0.66 0.65 0.69 0.59 0.00 0.61
0.74 0.65 0.66 0.70 0.59 0.64 0.44 0.67 0.53 0.74 0.62 0.83 0.82 0.71 0.71 0.80 0.42 0.46 0.54 0.43 0.50 0.54 0.31 0.55 0.37 0.75 0.61 0.37 0.57 0.55 0.77 0.56 0.36 0.49 0.38 0.55 0.56 0.55 0.61 0.00
