0.00 0.73 0.47 0.50 0.60 0.86 0.80 0.56 0.76 0.43 0.77 0.86 0.79 0.74 0.95 0.50 0.85 0.81 0.60 0.78 0.73 0.72 0.83 0.59 0.80 0.94 0.69 0.79 0.70 0.80 0.76 0.72 0.79 0.74 0.85 0.63 0.73 0.54 0.73 0.80
0.73 0.00 0.78 0.79 0.74 0.82 0.71 0.67 0.69 0.77 0.79 0.64 0.82 0.71 0.91 0.81 0.67 0.66 0.72 0.68 0.58 0.72 0.71 0.74 0.62 0.89 0.75 0.64 0.77 0.80 0.78 0.80 0.69 0.61 0.73 0.77 0.80 0.75 0.55 0.67
0.47 0.78 0.00 0.28 0.62 0.87 0.82 0.43 0.84 0.48 0.81 0.94 0.88 0.83 0.96 0.62 0.71 0.68 0.49 0.66 0.61 0.66 0.71 0.44 0.68 0.94 0.63 0.67 0.61 0.69 0.77 0.60 0.67 0.66 0.73 0.48 0.64 0.43 0.63 0.70
0.50 0.79 0.28 0.00 0.65 0.86 0.81 0.51 0.84 0.55 0.83 0.95 0.89 0.84 0.96 0.61 0.79 0.76 0.62 0.74 0.69 0.75 0.78 0.53 0.75 0.94 0.66 0.75 0.69 0.77 0.75 0.68 0.74 0.75 0.80 0.52 0.69 0.54 0.72 0.78
0.60 0.74 0.62 0.65 0.00 0.52 0.58 0.64 0.64 0.66 0.58 0.86 0.83 0.75 0.75 0.72 0.78 0.78 0.72 0.74 0.77 0.81 0.58 0.69 0.69 0.86 0.76 0.63 0.77 0.82 0.81 0.77 0.73 0.78 0.75 0.73 0.80 0.75 0.74 0.63
0.86 0.82 0.87 0.86 0.52 0.00 0.54 0.81 0.56 0.87 0.48 0.88 0.84 0.85 0.72 0.88 0.86 0.84 0.88 0.85 0.86 0.91 0.70 0.88 0.73 0.69 0.82 0.66 0.85 0.88 0.87 0.89 0.78 0.88 0.80 0.90 0.89 0.89 0.86 0.69
0.80 0.71 0.82 0.81 0.58 0.54 0.00 0.76 0.31 0.82 0.49 0.83 0.81 0.70 0.61 0.84 0.73 0.76 0.82 0.71 0.78 0.84 0.64 0.84 0.55 0.75 0.76 0.58 0.81 0.83 0.80 0.83 0.67 0.79 0.72 0.84 0.84 0.82 0.75 0.49
0.56 0.67 0.43 0.51 0.64 0.81 0.76 0.00 0.78 0.60 0.78 0.85 0.84 0.77 0.94 0.73 0.73 0.67 0.46 0.68 0.67 0.72 0.71 0.50 0.66 0.91 0.68 0.65 0.66 0.75 0.78 0.68 0.69 0.71 0.75 0.59 0.71 0.55 0.68 0.72
0.76 0.69 0.84 0.84 0.64 0.56 0.31 0.78 0.00 0.81 0.47 0.74 0.74 0.58 0.74 0.83 0.80 0.79 0.83 0.78 0.82 0.80 0.73 0.85 0.61 0.76 0.80 0.63 0.82 0.85 0.84 0.86 0.72 0.74 0.75 0.84 0.87 0.83 0.71 0.57
0.43 0.77 0.48 0.55 0.66 0.87 0.82 0.60 0.81 0.00 0.78 0.93 0.76 0.79 0.96 0.49 0.81 0.79 0.63 0.77 0.69 0.70 0.80 0.66 0.76 0.94 0.74 0.77 0.63 0.73 0.83 0.74 0.78 0.72 0.80 0.62 0.74 0.61 0.74 0.78
0.77 0.79 0.81 0.83 0.58 0.48 0.49 0.78 0.47 0.78 0.00 0.80 0.73 0.75 0.71 0.82 0.86 0.85 0.84 0.85 0.82 0.89 0.77 0.86 0.70 0.81 0.80 0.71 0.82 0.86 0.87 0.87 0.79 0.85 0.81 0.88 0.88 0.87 0.78 0.66
0.86 0.64 0.94 0.95 0.86 0.88 0.83 0.85 0.74 0.93 0.80 0.00 0.84 0.76 0.92 0.94 0.90 0.89 0.91 0.91 0.90 0.92 0.92 0.92 0.85 0.92 0.92 0.88 0.92 0.94 0.93 0.95 0.87 0.89 0.91 0.94 0.95 0.93 0.79 0.84
0.79 0.82 0.88 0.89 0.83 0.84 0.81 0.84 0.74 0.76 0.73 0.84 0.00 0.71 0.94 0.87 0.90 0.88 0.86 0.88 0.87 0.86 0.89 0.91 0.81 0.91 0.87 0.87 0.84 0.87 0.89 0.91 0.86 0.85 0.89 0.89 0.91 0.89 0.81 0.85
0.74 0.71 0.83 0.84 0.75 0.85 0.70 0.77 0.58 0.79 0.75 0.76 0.71 0.00 0.89 0.84 0.82 0.80 0.80 0.80 0.82 0.81 0.82 0.83 0.74 0.91 0.81 0.79 0.82 0.84 0.82 0.84 0.79 0.77 0.82 0.84 0.85 0.83 0.66 0.73
0.95 0.91 0.96 0.96 0.75 0.72 0.61 0.94 0.74 0.96 0.71 0.92 0.94 0.89 0.00 0.96 0.87 0.92 0.95 0.85 0.94 0.95 0.80 0.96 0.83 0.87 0.94 0.81 0.95 0.95 0.94 0.96 0.88 0.93 0.84 0.96 0.96 0.96 0.93 0.73
0.50 0.81 0.62 0.61 0.72 0.88 0.84 0.73 0.83 0.49 0.82 0.94 0.87 0.84 0.96 0.00 0.85 0.84 0.76 0.81 0.76 0.77 0.84 0.70 0.83 0.94 0.78 0.82 0.68 0.74 0.85 0.76 0.84 0.79 0.85 0.65 0.73 0.69 0.82 0.83
0.85 0.67 0.71 0.79 0.78 0.86 0.73 0.73 0.80 0.81 0.86 0.90 0.90 0.82 0.87 0.85 0.00 0.48 0.52 0.48 0.50 0.50 0.44 0.46 0.36 0.89 0.73 0.36 0.64 0.50 0.81 0.47 0.37 0.44 0.43 0.49 0.53 0.55 0.69 0.44
0.81 0.66 0.68 0.76 0.78 0.84 0.76 0.67 0.79 0.79 0.85 0.89 0.88 0.80 0.92 0.84 0.48 0.00 0.55 0.50 0.54 0.59 0.49 0.55 0.43 0.86 0.68 0.44 0.63 0.59 0.78 0.56 0.45 0.53 0.39 0.58 0.58 0.56 0.66 0.48
0.60 0.72 0.49 0.62 0.72 0.88 0.82 0.46 0.83 0.63 0.84 0.91 0.86 0.80 0.95 0.76 0.52 0.55 0.00 0.53 0.53 0.45 0.54 0.35 0.53 0.94 0.72 0.47 0.56 0.52 0.80 0.47 0.48 0.47 0.52 0.38 0.50 0.33 0.64 0.56
0.78 0.68 0.66 0.74 0.74 0.85 0.71 0.68 0.78 0.77 0.85 0.91 0.88 0.80 0.85 0.81 0.48 0.50 0.53 0.00 0.56 0.54 0.40 0.53 0.48 0.91 0.69 0.47 0.62 0.59 0.78 0.56 0.51 0.50 0.52 0.55 0.57 0.52 0.62 0.45
0.73 0.58 0.61 0.69 0.77 0.86 0.78 0.67 0.82 0.69 0.82 0.90 0.87 0.82 0.94 0.76 0.50 0.54 0.53 0.56 0.00 0.54 0.56 0.56 0.49 0.94 0.68 0.54 0.52 0.59 0.82 0.59 0.56 0.48 0.57 0.59 0.60 0.54 0.58 0.56
0.72 0.72 0.66 0.75 0.81 0.91 0.84 0.72 0.80 0.70 0.89 0.92 0.86 0.81 0.95 0.77 0.50 0.59 0.45 0.54 0.54 0.00 0.56 0.45 0.56 0.95 0.76 0.47 0.60 0.51 0.83 0.49 0.49 0.39 0.51 0.43 0.53 0.45 0.59 0.57
0.83 0.71 0.71 0.78 0.58 0.70 0.64 0.71 0.73 0.80 0.77 0.92 0.89 0.82 0.80 0.84 0.44 0.49 0.54 0.40 0.56 0.56 0.00 0.54 0.43 0.85 0.70 0.35 0.63 0.56 0.80 0.55 0.45 0.52 0.41 0.56 0.56 0.55 0.68 0.33
0.59 0.74 0.44 0.53 0.69 0.88 0.84 0.50 0.85 0.66 0.86 0.92 0.91 0.83 0.96 0.70 0.46 0.55 0.35 0.53 0.56 0.45 0.54 0.00 0.54 0.95 0.70 0.39 0.58 0.49 0.80 0.35 0.42 0.41 0.52 0.28 0.41 0.38 0.67 0.57
0.80 0.62 0.68 0.75 0.69 0.73 0.55 0.66 0.61 0.76 0.70 0.85 0.81 0.74 0.83 0.83 0.36 0.43 0.53 0.48 0.49 0.56 0.43 0.54 0.00 0.84 0.67 0.35 0.60 0.56 0.79 0.56 0.40 0.50 0.47 0.56 0.57 0.54 0.61 0.39
0.94 0.89 0.94 0.94 0.86 0.69 0.75 0.91 0.76 0.94 0.81 0.92 0.91 0.91 0.87 0.94 0.89 0.86 0.94 0.91 0.94 0.95 0.85 0.95 0.84 0.00 0.90 0.83 0.94 0.94 0.93 0.94 0.79 0.93 0.85 0.94 0.95 0.94 0.93 0.78
0.69 0.75 0.63 0.66 0.76 0.82 0.76 0.68 0.80 0.74 0.80 0.92 0.87 0.81 0.94 0.78 0.73 0.68 0.72 0.69 0.68 0.76 0.70 0.70 0.67 0.90 0.00 0.67 0.69 0.65 0.69 0.66 0.65 0.72 0.74 0.74 0.70 0.66 0.68 0.70
0.79 0.64 0.67 0.75 0.63 0.66 0.58 0.65 0.63 0.77 0.71 0.88 0.87 0.79 0.81 0.82 0.36 0.44 0.47 0.47 0.54 0.47 0.35 0.39 0.35 0.83 0.67 0.00 0.61 0.48 0.78 0.44 0.31 0.40 0.37 0.46 0.50 0.51 0.64 0.39
0.70 0.77 0.61 0.69 0.77 0.85 0.81 0.66 0.82 0.63 0.82 0.92 0.84 0.82 0.95 0.68 0.64 0.63 0.56 0.62 0.52 0.60 0.63 0.58 0.60 0.94 0.69 0.61 0.00 0.43 0.82 0.61 0.62 0.59 0.64 0.58 0.59 0.57 0.68 0.62
0.80 0.80 0.69 0.77 0.82 0.88 0.83 0.75 0.85 0.73 0.86 0.94 0.87 0.84 0.95 0.74 0.50 0.59 0.52 0.59 0.59 0.51 0.56 0.49 0.56 0.94 0.65 0.48 0.43 0.00 0.83 0.47 0.48 0.47 0.52 0.48 0.49 0.55 0.70 0.57
0.76 0.78 0.77 0.75 0.81 0.87 0.80 0.78 0.84 0.83 0.87 0.93 0.89 0.82 0.94 0.85 0.81 0.78 0.80 0.78 0.82 0.83 0.80 0.80 0.79 0.93 0.69 0.78 0.82 0.83 0.00 0.75 0.76 0.82 0.82 0.83 0.81 0.77 0.78 0.79
0.72 0.80 0.60 0.68 0.77 0.89 0.83 0.68 0.86 0.74 0.87 0.95 0.91 0.84 0.96 0.76 0.47 0.56 0.47 0.56 0.59 0.49 0.55 0.35 0.56 0.94 0.66 0.44 0.61 0.47 0.75 0.00 0.40 0.42 0.52 0.44 0.44 0.49 0.69 0.57
0.79 0.69 0.67 0.74 0.73 0.78 0.67 0.69 0.72 0.78 0.79 0.87 0.86 0.79 0.88 0.84 0.37 0.45 0.48 0.51 0.56 0.49 0.45 0.42 0.40 0.79 0.65 0.31 0.62 0.48 0.76 0.40 0.00 0.36 0.42 0.48 0.50 0.51 0.65 0.38
0.74 0.61 0.66 0.75 0.78 0.88 0.79 0.71 0.74 0.72 0.85 0.89 0.85 0.77 0.93 0.79 0.44 0.53 0.47 0.50 0.48 0.39 0.52 0.41 0.50 0.93 0.72 0.40 0.59 0.47 0.82 0.42 0.36 0.00 0.48 0.44 0.51 0.49 0.53 0.51
0.85 0.73 0.73 0.80 0.75 0.80 0.72 0.75 0.75 0.80 0.81 0.91 0.89 0.82 0.84 0.85 0.43 0.39 0.52 0.52 0.57 0.51 0.41 0.52 0.47 0.85 0.74 0.37 0.64 0.52 0.82 0.52 0.42 0.48 0.00 0.52 0.54 0.56 0.69 0.41
0.63 0.77 0.48 0.52 0.73 0.90 0.84 0.59 0.84 0.62 0.88 0.94 0.89 0.84 0.96 0.65 0.49 0.58 0.38 0.55 0.59 0.43 0.56 0.28 0.56 0.94 0.74 0.46 0.58 0.48 0.83 0.44 0.48 0.44 0.52 0.00 0.47 0.32 0.69 0.56
0.73 0.80 0.64 0.69 0.80 0.89 0.84 0.71 0.87 0.74 0.88 0.95 0.91 0.85 0.96 0.73 0.53 0.58 0.50 0.57 0.60 0.53 0.56 0.41 0.57 0.95 0.70 0.50 0.59 0.49 0.81 0.44 0.50 0.51 0.54 0.47 0.00 0.52 0.70 0.57
0.54 0.75 0.43 0.54 0.75 0.89 0.82 0.55 0.83 0.61 0.87 0.93 0.89 0.83 0.96 0.69 0.55 0.56 0.33 0.52 0.54 0.45 0.55 0.38 0.54 0.94 0.66 0.51 0.57 0.55 0.77 0.49 0.51 0.49 0.56 0.32 0.52 0.00 0.63 0.56
0.73 0.55 0.63 0.72 0.74 0.86 0.75 0.68 0.71 0.74 0.78 0.79 0.81 0.66 0.93 0.82 0.69 0.66 0.64 0.62 0.58 0.59 0.68 0.67 0.61 0.93 0.68 0.64 0.68 0.70 0.78 0.69 0.65 0.53 0.69 0.69 0.70 0.63 0.00 0.64
0.80 0.67 0.70 0.78 0.63 0.69 0.49 0.72 0.57 0.78 0.66 0.84 0.85 0.73 0.73 0.83 0.44 0.48 0.56 0.45 0.56 0.57 0.33 0.57 0.39 0.78 0.70 0.39 0.62 0.57 0.79 0.57 0.38 0.51 0.41 0.56 0.57 0.56 0.64 0.00
