0.00 0.65 0.40 0.47 0.57 0.83 0.73 0.50 0.71 0.32 0.72 0.83 0.73 0.68 0.94 0.43 0.79 0.77 0.52 0.75 0.66 0.65 0.78 0.54 0.74 0.92 0.65 0.74 0.61 0.72 0.71 0.67 0.75 0.68 0.78 0.53 0.66 0.51 0.64 0.73
0.65 0.00 0.75 0.76 0.70 0.79 0.64 0.63 0.63 0.72 0.74 0.60 0.78 0.68 0.90 0.75 0.61 0.64 0.69 0.67 0.51 0.67 0.70 0.69 0.57 0.86 0.73 0.61 0.73 0.77 0.75 0.78 0.66 0.57 0.70 0.71 0.79 0.71 0.50 0.64
0.40 0.75 0.00 0.21 0.59 0.84 0.77 0.35 0.80 0.45 0.77 0.92 0.84 0.80 0.95 0.57 0.65 0.64 0.40 0.62 0.55 0.59 0.66 0.38 0.63 0.93 0.56 0.63 0.55 0.63 0.72 0.54 0.64 0.63 0.66 0.37 0.59 0.36 0.59 0.64
0.47 0.76 0.21 0.00 0.62 0.84 0.77 0.43 0.80 0.52 0.80 0.92 0.85 0.81 0.95 0.57 0.69 0.67 0.49 0.66 0.60 0.63 0.68 0.41 0.67 0.93 0.60 0.66 0.59 0.67 0.74 0.57 0.67 0.67 0.69 0.39 0.57 0.45 0.61 0.68
0.57 0.70 0.59 0.62 0.00 0.48 0.55 0.60 0.60 0.61 0.53 0.83 0.79 0.72 0.73 0.67 0.75 0.76 0.67 0.72 0.72 0.77 0.54 0.65 0.66 0.81 0.74 0.60 0.73 0.79 0.78 0.74 0.71 0.77 0.70 0.68 0.76 0.71 0.69 0.58
0.83 0.79 0.84 0.84 0.48 0.00 0.49 0.81 0.50 0.84 0.46 0.87 0.84 0.80 0.70 0.84 0.82 0.82 0.84 0.82 0.83 0.86 0.64 0.84 0.72 0.63 0.79 0.64 0.82 0.85 0.83 0.85 0.78 0.85 0.75 0.84 0.85 0.85 0.83 0.63
0.73 0.64 0.77 0.77 0.55 0.49 0.00 0.72 0.28 0.77 0.44 0.79 0.80 0.67 0.57 0.79 0.68 0.71 0.76 0.66 0.73 0.76 0.59 0.77 0.52 0.70 0.72 0.56 0.76 0.79 0.76 0.78 0.64 0.73 0.65 0.78 0.79 0.77 0.69 0.43
0.50 0.63 0.35 0.43 0.60 0.81 0.72 0.00 0.75 0.56 0.76 0.83 0.82 0.75 0.93 0.68 0.67 0.64 0.40 0.66 0.60 0.65 0.67 0.41 0.64 0.91 0.65 0.63 0.60 0.70 0.74 0.63 0.66 0.67 0.69 0.49 0.67 0.48 0.61 0.66
0.71 0.63 0.80 0.80 0.60 0.50 0.28 0.75 0.00 0.76 0.43 0.71 0.71 0.53 0.71 0.77 0.76 0.77 0.78 0.74 0.77 0.74 0.70 0.80 0.60 0.70 0.77 0.62 0.77 0.80 0.81 0.83 0.70 0.68 0.70 0.79 0.83 0.78 0.64 0.52
0.32 0.72 0.45 0.52 0.61 0.84 0.77 0.56 0.76 0.00 0.74 0.91 0.68 0.73 0.95 0.41 0.77 0.76 0.57 0.73 0.68 0.64 0.76 0.60 0.73 0.93 0.70 0.74 0.55 0.66 0.78 0.70 0.75 0.69 0.76 0.55 0.68 0.57 0.68 0.73
0.72 0.74 0.77 0.80 0.53 0.46 0.44 0.76 0.43 0.74 0.00 0.76 0.70 0.70 0.69 0.78 0.83 0.83 0.81 0.83 0.80 0.85 0.72 0.83 0.66 0.72 0.76 0.67 0.79 0.84 0.83 0.84 0.77 0.84 0.76 0.84 0.84 0.84 0.74 0.60
0.83 0.60 0.92 0.92 0.83 0.87 0.79 0.83 0.71 0.91 0.76 0.00 0.80 0.74 0.89 0.92 0.89 0.88 0.89 0.90 0.87 0.91 0.90 0.90 0.82 0.90 0.91 0.86 0.90 0.94 0.92 0.94 0.83 0.88 0.89 0.92 0.94 0.90 0.76 0.81
0.73 0.78 0.84 0.85 0.79 0.84 0.80 0.82 0.71 0.68 0.70 0.80 0.00 0.65 0.93 0.82 0.88 0.86 0.83 0.87 0.84 0.82 0.88 0.87 0.80 0.89 0.84 0.85 0.78 0.81 0.87 0.89 0.84 0.82 0.87 0.85 0.88 0.86 0.75 0.81
0.68 0.68 0.80 0.81 0.72 0.80 0.67 0.75 0.53 0.73 0.70 0.74 0.65 0.00 0.84 0.79 0.80 0.79 0.77 0.78 0.78 0.77 0.80 0.81 0.72 0.90 0.80 0.78 0.79 0.82 0.80 0.81 0.78 0.72 0.80 0.81 0.83 0.79 0.61 0.70
0.94 0.90 0.95 0.95 0.73 0.70 0.57 0.93 0.71 0.95 0.69 0.89 0.93 0.84 0.00 0.95 0.85 0.91 0.95 0.83 0.93 0.94 0.77 0.95 0.80 0.85 0.93 0.79 0.94 0.95 0.93 0.95 0.87 0.91 0.82 0.95 0.96 0.95 0.92 0.69
0.43 0.75 0.57 0.57 0.67 0.84 0.79 0.68 0.77 0.41 0.78 0.92 0.82 0.79 0.95 0.00 0.81 0.80 0.69 0.77 0.76 0.71 0.81 0.65 0.79 0.92 0.73 0.79 0.64 0.68 0.81 0.72 0.80 0.74 0.81 0.57 0.69 0.62 0.77 0.79
0.79 0.61 0.65 0.69 0.75 0.82 0.68 0.67 0.76 0.77 0.83 0.89 0.88 0.80 0.85 0.81 0.00 0.43 0.48 0.43 0.30 0.49 0.39 0.43 0.28 0.88 0.59 0.34 0.58 0.48 0.77 0.46 0.37 0.42 0.41 0.47 0.51 0.48 0.65 0.42
0.77 0.64 0.64 0.67 0.76 0.82 0.71 0.64 0.77 0.76 0.83 0.88 0.86 0.79 0.91 0.80 0.43 0.00 0.52 0.48 0.46 0.54 0.46 0.51 0.40 0.85 0.56 0.41 0.57 0.55 0.76 0.54 0.44 0.50 0.33 0.54 0.55 0.52 0.63 0.45
0.52 0.69 0.40 0.49 0.67 0.84 0.76 0.40 0.78 0.57 0.81 0.89 0.83 0.77 0.95 0.69 0.48 0.52 0.00 0.50 0.40 0.42 0.52 0.30 0.47 0.93 0.58 0.44 0.50 0.49 0.77 0.45 0.47 0.45 0.50 0.31 0.48 0.27 0.60 0.54
0.75 0.67 0.62 0.66 0.72 0.82 0.66 0.66 0.74 0.73 0.83 0.90 0.87 0.78 0.83 0.77 0.43 0.48 0.50 0.00 0.48 0.49 0.36 0.49 0.44 0.90 0.58 0.44 0.57 0.55 0.76 0.54 0.49 0.46 0.45 0.49 0.55 0.49 0.59 0.43
0.66 0.51 0.55 0.60 0.72 0.83 0.73 0.60 0.77 0.68 0.80 0.87 0.84 0.78 0.93 0.76 0.30 0.46 0.40 0.48 0.00 0.40 0.47 0.35 0.34 0.92 0.54 0.32 0.53 0.47 0.74 0.38 0.36 0.29 0.45 0.44 0.49 0.39 0.51 0.49
0.65 0.67 0.59 0.63 0.77 0.86 0.76 0.65 0.74 0.64 0.85 0.91 0.82 0.77 0.94 0.71 0.49 0.54 0.42 0.49 0.40 0.00 0.52 0.44 0.49 0.93 0.60 0.46 0.53 0.50 0.79 0.48 0.49 0.37 0.50 0.40 0.49 0.38 0.53 0.53
0.78 0.70 0.66 0.68 0.54 0.64 0.59 0.67 0.70 0.76 0.72 0.90 0.88 0.80 0.77 0.81 0.39 0.46 0.52 0.36 0.47 0.52 0.00 0.52 0.40 0.81 0.57 0.33 0.58 0.54 0.76 0.53 0.43 0.49 0.34 0.53 0.54 0.52 0.64 0.31
0.54 0.69 0.38 0.41 0.65 0.84 0.77 0.41 0.80 0.60 0.83 0.90 0.87 0.81 0.95 0.65 0.43 0.51 0.30 0.49 0.35 0.44 0.52 0.00 0.48 0.93 0.56 0.35 0.51 0.47 0.77 0.33 0.40 0.38 0.50 0.24 0.39 0.32 0.61 0.54
0.74 0.57 0.63 0.67 0.66 0.72 0.52 0.64 0.60 0.73 0.66 0.82 0.80 0.72 0.80 0.79 0.28 0.40 0.47 0.44 0.34 0.49 0.40 0.48 0.00 0.81 0.53 0.30 0.56 0.51 0.75 0.50 0.37 0.43 0.39 0.50 0.51 0.49 0.58 0.36
0.92 0.86 0.93 0.93 0.81 0.63 0.70 0.91 0.70 0.93 0.72 0.90 0.89 0.90 0.85 0.92 0.88 0.85 0.93 0.90 0.92 0.93 0.81 0.93 0.81 0.00 0.88 0.80 0.92 0.93 0.91 0.93 0.76 0.91 0.82 0.93 0.93 0.93 0.92 0.71
0.65 0.73 0.56 0.60 0.74 0.79 0.72 0.65 0.77 0.70 0.76 0.91 0.84 0.80 0.93 0.73 0.59 0.56 0.58 0.58 0.54 0.60 0.57 0.56 0.53 0.88 0.00 0.53 0.53 0.49 0.61 0.52 0.55 0.59 0.58 0.58 0.55 0.55 0.62 0.56
0.74 0.61 0.63 0.66 0.60 0.64 0.56 0.63 0.62 0.74 0.67 0.86 0.85 0.78 0.79 0.79 0.34 0.41 0.44 0.44 0.32 0.46 0.33 0.35 0.30 0.80 0.53 0.00 0.56 0.47 0.75 0.40 0.27 0.33 0.35 0.44 0.49 0.45 0.60 0.36
0.61 0.73 0.55 0.59 0.73 0.82 0.76 0.60 0.77 0.55 0.79 0.90 0.78 0.79 0.94 0.64 0.58 0.57 0.50 0.57 0.53 0.53 0.58 0.51 0.56 0.92 0.53 0.56 0.00 0.43 0.77 0.55 0.57 0.54 0.58 0.50 0.51 0.51 0.64 0.55
0.72 0.77 0.63 0.67 0.79 0.85 0.79 0.70 0.80 0.66 0.84 0.94 0.81 0.82 0.95 0.68 0.48 0.55 0.49 0.55 0.47 0.50 0.54 0.47 0.51 0.93 0.49 0.47 0.43 0.00 0.78 0.45 0.47 0.44 0.51 0.46 0.45 0.48 0.67 0.55
0.71 0.75 0.72 0.74 0.78 0.83 0.76 0.74 0.81 0.78 0.83 0.92 0.87 0.80 0.93 0.81 0.77 0.76 0.77 0.76 0.74 0.79 0.76 0.77 0.75 0.91 0.61 0.75 0.77 0.78 0.00 0.70 0.75 0.78 0.77 0.78 0.79 0.74 0.74 0.75
0.67 0.78 0.54 0.57 0.74 0.85 0.78 0.63 0.83 0.70 0.84 0.94 0.89 0.81 0.95 0.72 0.46 0.54 0.45 0.54 0.38 0.48 0.53 0.33 0.50 0.93 0.52 0.40 0.55 0.45 0.70 0.00 0.40 0.41 0.51 0.42 0.43 0.42 0.65 0.56
0.75 0.66 0.64 0.67 0.71 0.78 0.64 0.66 0.70 0.75 0.77 0.83 0.84 0.78 0.87 0.80 0.37 0.44 0.47 0.49 0.36 0.49 0.43 0.40 0.37 0.76 0.55 0.27 0.57 0.47 0.75 0.40 0.00 0.33 0.41 0.48 0.49 0.47 0.63 0.36
0.68 0.57 0.63 0.67 0.77 0.85 0.73 0.67 0.68 0.69 0.84 0.88 0.82 0.72 0.91 0.74 0.42 0.50 0.45 0.46 0.29 0.37 0.49 0.38 0.43 0.91 0.59 0.33 0.54 0.44 0.78 0.41 0.33 0.00 0.47 0.43 0.49 0.43 0.50 0.48
0.78 0.70 0.66 0.69 0.70 0.75 0.65 0.69 0.70 0.76 0.76 0.89 0.87 0.80 0.82 0.81 0.41 0.33 0.50 0.45 0.45 0.50 0.34 0.50 0.39 0.82 0.58 0.35 0.58 0.51 0.77 0.51 0.41 0.47 0.00 0.50 0.51 0.50 0.65 0.36
0.53 0.71 0.37 0.39 0.68 0.84 0.78 0.49 0.79 0.55 0.84 0.92 0.85 0.81 0.95 0.57 0.47 0.54 0.31 0.49 0.44 0.40 0.53 0.24 0.50 0.93 0.58 0.44 0.50 0.46 0.78 0.42 0.48 0.43 0.50 0.00 0.41 0.22 0.63 0.54
0.66 0.79 0.59 0.57 0.76 0.85 0.79 0.67 0.83 0.68 0.84 0.94 0.88 0.83 0.96 0.69 0.51 0.55 0.48 0.55 0.49 0.49 0.54 0.39 0.51 0.93 0.55 0.49 0.51 0.45 0.79 0.43 0.49 0.49 0.51 0.41 0.00 0.48 0.68 0.55
0.51 0.71 0.36 0.45 0.71 0.85 0.77 0.48 0.78 0.57 0.84 0.90 0.86 0.79 0.95 0.62 0.48 0.52 0.27 0.49 0.39 0.38 0.52 0.32 0.49 0.93 0.55 0.45 0.51 0.48 0.74 0.42 0.47 0.43 0.50 0.22 0.48 0.00 0.58 0.54
0.64 0.50 0.59 0.61 0.69 0.83 0.69 0.61 0.64 0.68 0.74 0.76 0.75 0.61 0.92 0.77 0.65 0.63 0.60 0.59 0.51 0.53 0.64 0.61 0.58 0.92 0.62 0.60 0.64 0.67 0.74 0.65 0.63 0.50 0.65 0.63 0.68 0.58 0.00 0.60
0.73 0.64 0.64 0.68 0.58 0.63 0.43 0.66 0.52 0.73 0.60 0.81 0.81 0.70 0.69 0.79 0.42 0.45 0.54 0.43 0.49 0.53 0.31 0.54 0.36 0.71 0.56 0.36 0.55 0.55 0.75 0.56 0.36 0.48 0.36 0.54 0.55 0.54 0.60 0.00
