0.00 0.69 0.43 0.48 0.58 0.84 0.77 0.53 0.73 0.37 0.74 0.85 0.76 0.71 0.94 0.46 0.82 0.78 0.55 0.77 0.70 0.68 0.81 0.56 0.77 0.93 0.67 0.76 0.66 0.76 0.73 0.70 0.77 0.71 0.81 0.57 0.70 0.53 0.67 0.76
0.69 0.00 0.77 0.77 0.72 0.81 0.68 0.65 0.65 0.75 0.77 0.61 0.80 0.69 0.90 0.78 0.65 0.64 0.70 0.68 0.54 0.69 0.71 0.71 0.61 0.88 0.74 0.63 0.75 0.79 0.77 0.79 0.68 0.58 0.71 0.74 0.80 0.72 0.52 0.66
0.43 0.77 0.00 0.22 0.60 0.85 0.79 0.38 0.82 0.46 0.79 0.93 0.86 0.81 0.95 0.59 0.68 0.66 0.44 0.65 0.60 0.63 0.68 0.42 0.65 0.93 0.58 0.65 0.58 0.66 0.74 0.58 0.66 0.65 0.69 0.43 0.61 0.38 0.61 0.67
0.48 0.77 0.22 0.00 0.62 0.85 0.79 0.45 0.83 0.53 0.80 0.94 0.87 0.82 0.95 0.60 0.73 0.70 0.53 0.70 0.65 0.68 0.72 0.46 0.70 0.94 0.62 0.69 0.63 0.71 0.74 0.61 0.70 0.70 0.73 0.44 0.59 0.49 0.66 0.72
0.58 0.72 0.60 0.62 0.00 0.49 0.56 0.61 0.62 0.63 0.56 0.84 0.82 0.73 0.74 0.68 0.76 0.77 0.68 0.73 0.73 0.79 0.56 0.67 0.67 0.83 0.75 0.61 0.75 0.81 0.79 0.76 0.72 0.78 0.72 0.70 0.78 0.73 0.71 0.60
0.84 0.81 0.85 0.85 0.49 0.00 0.52 0.81 0.53 0.85 0.47 0.88 0.84 0.82 0.71 0.86 0.84 0.83 0.86 0.83 0.84 0.88 0.68 0.86 0.73 0.65 0.80 0.64 0.84 0.87 0.85 0.87 0.78 0.86 0.78 0.87 0.87 0.88 0.85 0.66
0.77 0.68 0.79 0.79 0.56 0.52 0.00 0.74 0.29 0.79 0.46 0.81 0.80 0.68 0.59 0.81 0.71 0.74 0.79 0.69 0.75 0.80 0.61 0.80 0.54 0.72 0.74 0.57 0.79 0.81 0.78 0.81 0.66 0.76 0.68 0.81 0.82 0.80 0.71 0.46
0.53 0.65 0.38 0.45 0.61 0.81 0.74 0.00 0.77 0.57 0.78 0.84 0.83 0.76 0.94 0.70 0.70 0.65 0.43 0.67 0.62 0.68 0.69 0.45 0.65 0.91 0.67 0.64 0.63 0.72 0.76 0.65 0.67 0.68 0.72 0.53 0.69 0.51 0.63 0.68
0.73 0.65 0.82 0.83 0.62 0.53 0.29 0.77 0.00 0.79 0.45 0.72 0.73 0.56 0.73 0.80 0.78 0.79 0.81 0.76 0.79 0.77 0.72 0.83 0.60 0.73 0.79 0.62 0.80 0.83 0.83 0.84 0.71 0.71 0.73 0.82 0.85 0.81 0.67 0.55
0.37 0.75 0.46 0.53 0.63 0.85 0.79 0.57 0.79 0.00 0.76 0.92 0.73 0.76 0.96 0.44 0.79 0.77 0.60 0.75 0.68 0.67 0.78 0.63 0.75 0.94 0.72 0.75 0.59 0.70 0.80 0.72 0.77 0.70 0.78 0.58 0.71 0.58 0.71 0.75
0.74 0.77 0.79 0.80 0.56 0.47 0.46 0.78 0.45 0.76 0.00 0.78 0.71 0.73 0.70 0.80 0.85 0.84 0.83 0.84 0.80 0.87 0.75 0.85 0.68 0.77 0.78 0.69 0.81 0.86 0.86 0.86 0.78 0.85 0.79 0.86 0.86 0.87 0.76 0.63
0.85 0.61 0.93 0.94 0.84 0.88 0.81 0.84 0.72 0.92 0.78 0.00 0.83 0.74 0.91 0.93 0.89 0.88 0.90 0.90 0.88 0.92 0.90 0.91 0.83 0.91 0.92 0.87 0.91 0.94 0.93 0.95 0.85 0.88 0.90 0.93 0.95 0.92 0.77 0.83
0.76 0.80 0.86 0.87 0.82 0.84 0.80 0.83 0.73 0.73 0.71 0.83 0.00 0.67 0.93 0.84 0.89 0.87 0.84 0.87 0.86 0.83 0.88 0.89 0.80 0.90 0.86 0.86 0.81 0.84 0.88 0.90 0.85 0.84 0.88 0.87 0.90 0.87 0.78 0.83
0.71 0.69 0.81 0.82 0.73 0.82 0.68 0.76 0.56 0.76 0.73 0.74 0.67 0.00 0.87 0.81 0.81 0.80 0.78 0.79 0.79 0.80 0.81 0.82 0.73 0.91 0.81 0.79 0.81 0.83 0.81 0.83 0.78 0.76 0.81 0.83 0.84 0.81 0.65 0.71
0.94 0.90 0.95 0.95 0.74 0.71 0.59 0.94 0.73 0.96 0.70 0.91 0.93 0.87 0.00 0.95 0.87 0.92 0.95 0.84 0.93 0.95 0.78 0.95 0.83 0.86 0.94 0.80 0.95 0.95 0.94 0.96 0.87 0.93 0.83 0.96 0.96 0.96 0.92 0.71
0.46 0.78 0.59 0.60 0.68 0.86 0.81 0.70 0.80 0.44 0.80 0.93 0.84 0.81 0.95 0.00 0.83 0.82 0.71 0.79 0.77 0.74 0.83 0.67 0.81 0.93 0.75 0.80 0.66 0.72 0.83 0.74 0.82 0.76 0.83 0.61 0.71 0.65 0.79 0.81
0.82 0.65 0.68 0.73 0.76 0.84 0.71 0.70 0.78 0.79 0.85 0.89 0.89 0.81 0.87 0.83 0.00 0.45 0.50 0.45 0.34 0.50 0.41 0.44 0.31 0.88 0.67 0.34 0.62 0.49 0.79 0.47 0.37 0.43 0.42 0.48 0.51 0.51 0.67 0.42
0.78 0.64 0.66 0.70 0.77 0.83 0.74 0.65 0.79 0.77 0.84 0.88 0.87 0.80 0.92 0.82 0.45 0.00 0.53 0.49 0.49 0.56 0.48 0.52 0.41 0.86 0.63 0.42 0.60 0.57 0.77 0.55 0.45 0.52 0.34 0.56 0.57 0.54 0.65 0.46
0.55 0.70 0.44 0.53 0.68 0.86 0.79 0.43 0.81 0.60 0.83 0.90 0.84 0.78 0.95 0.71 0.50 0.53 0.00 0.51 0.42 0.43 0.53 0.32 0.50 0.93 0.67 0.45 0.53 0.50 0.79 0.46 0.48 0.45 0.51 0.34 0.50 0.29 0.61 0.55
0.77 0.68 0.65 0.70 0.73 0.83 0.69 0.67 0.76 0.75 0.84 0.90 0.87 0.79 0.84 0.79 0.45 0.49 0.51 0.00 0.49 0.51 0.37 0.51 0.46 0.91 0.66 0.45 0.60 0.56 0.78 0.55 0.50 0.47 0.49 0.51 0.56 0.51 0.60 0.43
0.70 0.54 0.60 0.65 0.73 0.84 0.75 0.62 0.79 0.68 0.80 0.88 0.86 0.79 0.93 0.77 0.34 0.49 0.42 0.49 0.00 0.42 0.48 0.40 0.41 0.93 0.63 0.37 0.55 0.47 0.79 0.45 0.42 0.34 0.46 0.45 0.49 0.45 0.53 0.51
0.68 0.69 0.63 0.68 0.79 0.88 0.80 0.68 0.77 0.67 0.87 0.92 0.83 0.80 0.95 0.74 0.50 0.56 0.43 0.51 0.42 0.00 0.54 0.45 0.52 0.94 0.69 0.46 0.57 0.50 0.81 0.49 0.49 0.37 0.50 0.40 0.51 0.40 0.56 0.55
0.81 0.71 0.68 0.72 0.56 0.68 0.61 0.69 0.72 0.78 0.75 0.90 0.88 0.81 0.78 0.83 0.41 0.48 0.53 0.37 0.48 0.54 0.00 0.53 0.41 0.83 0.66 0.33 0.61 0.55 0.79 0.54 0.44 0.50 0.38 0.54 0.54 0.54 0.66 0.32
0.56 0.71 0.42 0.46 0.67 0.86 0.80 0.45 0.83 0.63 0.85 0.91 0.89 0.82 0.95 0.67 0.44 0.52 0.32 0.51 0.40 0.45 0.53 0.00 0.50 0.94 0.65 0.36 0.55 0.48 0.79 0.35 0.41 0.39 0.51 0.26 0.39 0.35 0.64 0.56
0.77 0.61 0.65 0.70 0.67 0.73 0.54 0.65 0.60 0.75 0.68 0.83 0.80 0.73 0.83 0.81 0.31 0.41 0.50 0.46 0.41 0.52 0.41 0.50 0.00 0.83 0.62 0.32 0.58 0.53 0.77 0.53 0.38 0.47 0.42 0.52 0.54 0.52 0.59 0.37
0.93 0.88 0.93 0.94 0.83 0.65 0.72 0.91 0.73 0.94 0.77 0.91 0.90 0.91 0.86 0.93 0.88 0.86 0.93 0.91 0.93 0.94 0.83 0.94 0.83 0.00 0.89 0.82 0.93 0.94 0.92 0.94 0.78 0.92 0.83 0.94 0.94 0.94 0.92 0.74
0.67 0.74 0.58 0.62 0.75 0.80 0.74 0.67 0.79 0.72 0.78 0.92 0.86 0.81 0.94 0.75 0.67 0.63 0.67 0.66 0.63 0.69 0.66 0.65 0.62 0.89 0.00 0.62 0.62 0.59 0.65 0.61 0.62 0.68 0.68 0.68 0.65 0.62 0.63 0.65
0.76 0.63 0.65 0.69 0.61 0.64 0.57 0.64 0.62 0.75 0.69 0.87 0.86 0.79 0.80 0.80 0.34 0.42 0.45 0.45 0.37 0.46 0.33 0.36 0.32 0.82 0.62 0.00 0.59 0.48 0.77 0.41 0.29 0.36 0.36 0.45 0.49 0.48 0.63 0.38
0.66 0.75 0.58 0.63 0.75 0.84 0.79 0.63 0.80 0.59 0.81 0.91 0.81 0.81 0.95 0.66 0.62 0.60 0.53 0.60 0.55 0.57 0.61 0.55 0.58 0.93 0.62 0.59 0.00 0.41 0.79 0.58 0.60 0.57 0.61 0.54 0.56 0.55 0.66 0.59
0.76 0.79 0.66 0.71 0.81 0.87 0.81 0.72 0.83 0.70 0.86 0.94 0.84 0.83 0.95 0.72 0.49 0.57 0.50 0.56 0.47 0.50 0.55 0.48 0.53 0.94 0.59 0.48 0.41 0.00 0.81 0.45 0.48 0.45 0.51 0.47 0.47 0.52 0.69 0.56
0.73 0.77 0.74 0.74 0.79 0.85 0.78 0.76 0.83 0.80 0.86 0.93 0.88 0.81 0.94 0.83 0.79 0.77 0.79 0.78 0.79 0.81 0.79 0.79 0.77 0.92 0.65 0.77 0.79 0.81 0.00 0.73 0.76 0.80 0.79 0.81 0.80 0.74 0.75 0.78
0.70 0.79 0.58 0.61 0.76 0.87 0.81 0.65 0.84 0.72 0.86 0.95 0.90 0.83 0.96 0.74 0.47 0.55 0.46 0.55 0.45 0.49 0.54 0.35 0.53 0.94 0.61 0.41 0.58 0.45 0.73 0.00 0.40 0.41 0.52 0.43 0.43 0.46 0.67 0.57
0.77 0.68 0.66 0.70 0.72 0.78 0.66 0.67 0.71 0.77 0.78 0.85 0.85 0.78 0.87 0.82 0.37 0.45 0.48 0.50 0.42 0.49 0.44 0.41 0.38 0.78 0.62 0.29 0.60 0.48 0.76 0.40 0.00 0.34 0.41 0.48 0.50 0.49 0.64 0.37
0.71 0.58 0.65 0.70 0.78 0.86 0.76 0.68 0.71 0.70 0.85 0.88 0.84 0.76 0.93 0.76 0.43 0.52 0.45 0.47 0.34 0.37 0.50 0.39 0.47 0.92 0.68 0.36 0.57 0.45 0.80 0.41 0.34 0.00 0.47 0.43 0.50 0.46 0.52 0.49
0.81 0.71 0.69 0.73 0.72 0.78 0.68 0.72 0.73 0.78 0.79 0.90 0.88 0.81 0.83 0.83 0.42 0.34 0.51 0.49 0.46 0.50 0.38 0.51 0.42 0.83 0.68 0.36 0.61 0.51 0.79 0.52 0.41 0.47 0.00 0.51 0.52 0.52 0.67 0.38
0.57 0.74 0.43 0.44 0.70 0.87 0.81 0.53 0.82 0.58 0.86 0.93 0.87 0.83 0.96 0.61 0.48 0.56 0.34 0.51 0.45 0.40 0.54 0.26 0.52 0.94 0.68 0.45 0.54 0.47 0.81 0.43 0.48 0.43 0.51 0.00 0.43 0.27 0.66 0.55
0.70 0.80 0.61 0.59 0.78 0.87 0.82 0.69 0.85 0.71 0.86 0.95 0.90 0.84 0.96 0.71 0.51 0.57 0.50 0.56 0.49 0.51 0.54 0.39 0.54 0.94 0.65 0.49 0.56 0.47 0.80 0.43 0.50 0.50 0.52 0.43 0.00 0.51 0.70 0.56
0.53 0.72 0.38 0.49 0.73 0.88 0.80 0.51 0.81 0.58 0.87 0.92 0.87 0.81 0.96 0.65 0.51 0.54 0.29 0.51 0.45 0.40 0.54 0.35 0.52 0.94 0.62 0.48 0.55 0.52 0.74 0.46 0.49 0.46 0.52 0.27 0.51 0.00 0.60 0.56
0.67 0.52 0.61 0.66 0.71 0.85 0.71 0.63 0.67 0.71 0.76 0.77 0.78 0.65 0.92 0.79 0.67 0.65 0.61 0.60 0.53 0.56 0.66 0.64 0.59 0.92 0.63 0.63 0.66 0.69 0.75 0.67 0.64 0.52 0.67 0.66 0.70 0.60 0.00 0.61
0.76 0.66 0.67 0.72 0.60 0.66 0.46 0.68 0.55 0.75 0.63 0.83 0.83 0.71 0.71 0.81 0.42 0.46 0.55 0.43 0.51 0.55 0.32 0.56 0.37 0.74 0.65 0.38 0.59 0.56 0.78 0.57 0.37 0.49 0.38 0.55 0.56 0.56 0.61 0.00
