0.00 0.60 0.34 0.37 0.54 0.78 0.67 0.40 0.62 0.24 0.66 0.78 0.64 0.62 0.92 0.36 0.70 0.68 0.43 0.66 0.61 0.55 0.69 0.47 0.64 0.90 0.61 0.66 0.54 0.62 0.68 0.61 0.68 0.59 0.69 0.43 0.55 0.45 0.55 0.64
0.60 0.00 0.69 0.70 0.64 0.73 0.59 0.60 0.50 0.66 0.68 0.56 0.75 0.60 0.83 0.68 0.54 0.62 0.65 0.63 0.46 0.62 0.67 0.64 0.50 0.83 0.72 0.58 0.68 0.74 0.74 0.74 0.64 0.52 0.65 0.67 0.75 0.67 0.45 0.58
0.34 0.69 0.00 0.17 0.56 0.80 0.71 0.29 0.74 0.40 0.70 0.87 0.79 0.76 0.95 0.52 0.58 0.58 0.32 0.55 0.54 0.49 0.60 0.29 0.57 0.90 0.53 0.57 0.50 0.57 0.68 0.48 0.59 0.55 0.60 0.27 0.45 0.32 0.54 0.58
0.37 0.70 0.17 0.00 0.59 0.80 0.71 0.35 0.74 0.45 0.73 0.89 0.81 0.77 0.95 0.54 0.63 0.62 0.38 0.62 0.58 0.56 0.64 0.35 0.62 0.91 0.58 0.62 0.54 0.62 0.69 0.53 0.64 0.61 0.64 0.32 0.48 0.40 0.57 0.63
0.54 0.64 0.56 0.59 0.00 0.42 0.52 0.57 0.55 0.58 0.47 0.78 0.75 0.71 0.70 0.62 0.72 0.73 0.62 0.68 0.70 0.72 0.47 0.60 0.63 0.78 0.70 0.56 0.70 0.75 0.75 0.71 0.68 0.73 0.65 0.64 0.70 0.67 0.63 0.54
0.78 0.73 0.80 0.80 0.42 0.00 0.43 0.77 0.45 0.79 0.35 0.83 0.83 0.77 0.70 0.79 0.76 0.78 0.79 0.76 0.79 0.79 0.56 0.79 0.68 0.59 0.77 0.61 0.78 0.79 0.78 0.80 0.72 0.78 0.68 0.79 0.79 0.80 0.77 0.54
0.67 0.59 0.71 0.71 0.52 0.43 0.00 0.67 0.25 0.71 0.36 0.73 0.77 0.64 0.54 0.76 0.60 0.67 0.69 0.59 0.64 0.69 0.51 0.70 0.49 0.63 0.69 0.53 0.71 0.73 0.70 0.72 0.59 0.66 0.58 0.72 0.73 0.70 0.58 0.35
0.40 0.60 0.29 0.35 0.57 0.77 0.67 0.00 0.70 0.47 0.69 0.79 0.80 0.74 0.92 0.62 0.62 0.60 0.36 0.62 0.58 0.59 0.63 0.36 0.59 0.89 0.62 0.60 0.58 0.66 0.69 0.58 0.64 0.62 0.65 0.42 0.58 0.44 0.55 0.63
0.62 0.50 0.74 0.74 0.55 0.45 0.25 0.70 0.00 0.68 0.34 0.65 0.66 0.49 0.69 0.68 0.70 0.72 0.72 0.67 0.68 0.67 0.64 0.74 0.56 0.64 0.73 0.60 0.68 0.75 0.75 0.77 0.65 0.61 0.64 0.71 0.76 0.71 0.54 0.45
0.24 0.66 0.40 0.45 0.58 0.79 0.71 0.47 0.68 0.00 0.68 0.85 0.57 0.68 0.94 0.35 0.72 0.71 0.51 0.68 0.65 0.56 0.71 0.54 0.69 0.90 0.65 0.69 0.50 0.58 0.71 0.64 0.70 0.61 0.71 0.48 0.58 0.51 0.59 0.67
0.66 0.68 0.70 0.73 0.47 0.35 0.36 0.69 0.34 0.68 0.00 0.71 0.68 0.65 0.68 0.72 0.77 0.78 0.73 0.76 0.76 0.78 0.66 0.75 0.64 0.60 0.73 0.64 0.76 0.78 0.78 0.78 0.72 0.77 0.70 0.77 0.79 0.77 0.67 0.53
0.78 0.56 0.87 0.89 0.78 0.83 0.73 0.79 0.65 0.85 0.71 0.00 0.80 0.72 0.86 0.88 0.87 0.88 0.84 0.88 0.84 0.87 0.89 0.86 0.77 0.84 0.90 0.82 0.88 0.92 0.91 0.92 0.82 0.85 0.87 0.89 0.92 0.86 0.74 0.78
0.64 0.75 0.79 0.81 0.75 0.83 0.77 0.80 0.66 0.57 0.68 0.80 0.00 0.55 0.90 0.70 0.86 0.85 0.77 0.84 0.82 0.71 0.86 0.83 0.79 0.88 0.82 0.83 0.70 0.76 0.85 0.86 0.83 0.79 0.84 0.81 0.84 0.81 0.71 0.78
0.62 0.60 0.76 0.77 0.71 0.77 0.64 0.74 0.49 0.68 0.65 0.72 0.55 0.00 0.80 0.73 0.78 0.79 0.73 0.74 0.73 0.73 0.79 0.79 0.70 0.89 0.79 0.77 0.76 0.80 0.79 0.80 0.77 0.67 0.79 0.78 0.81 0.74 0.47 0.68
0.92 0.83 0.95 0.95 0.70 0.70 0.54 0.92 0.69 0.94 0.68 0.86 0.90 0.80 0.00 0.94 0.79 0.90 0.94 0.78 0.86 0.93 0.74 0.94 0.76 0.82 0.92 0.78 0.94 0.95 0.92 0.95 0.84 0.87 0.80 0.95 0.95 0.94 0.88 0.67
0.36 0.68 0.52 0.54 0.62 0.79 0.76 0.62 0.68 0.35 0.72 0.88 0.70 0.73 0.94 0.00 0.77 0.77 0.61 0.72 0.71 0.62 0.77 0.60 0.75 0.90 0.69 0.75 0.59 0.63 0.77 0.69 0.76 0.68 0.77 0.53 0.62 0.57 0.69 0.75
0.70 0.54 0.58 0.63 0.72 0.76 0.60 0.62 0.70 0.72 0.77 0.87 0.86 0.78 0.79 0.77 0.00 0.38 0.46 0.36 0.25 0.47 0.38 0.41 0.22 0.86 0.44 0.32 0.53 0.48 0.70 0.45 0.36 0.36 0.39 0.45 0.49 0.43 0.56 0.40
0.68 0.62 0.58 0.62 0.73 0.78 0.67 0.60 0.72 0.71 0.78 0.88 0.85 0.79 0.90 0.77 0.38 0.00 0.49 0.46 0.42 0.50 0.43 0.47 0.39 0.81 0.51 0.39 0.53 0.53 0.70 0.50 0.43 0.47 0.29 0.49 0.52 0.49 0.58 0.45
0.43 0.65 0.32 0.38 0.62 0.79 0.69 0.36 0.72 0.51 0.73 0.84 0.77 0.73 0.94 0.61 0.46 0.49 0.00 0.49 0.39 0.41 0.49 0.26 0.43 0.90 0.46 0.43 0.45 0.47 0.71 0.44 0.46 0.42 0.48 0.27 0.41 0.25 0.54 0.52
0.66 0.63 0.55 0.62 0.68 0.76 0.59 0.62 0.67 0.68 0.76 0.88 0.84 0.74 0.78 0.72 0.36 0.46 0.49 0.00 0.44 0.45 0.35 0.47 0.39 0.88 0.53 0.43 0.51 0.53 0.71 0.52 0.48 0.42 0.44 0.47 0.53 0.47 0.53 0.40
0.61 0.46 0.54 0.58 0.70 0.79 0.64 0.58 0.68 0.65 0.76 0.84 0.82 0.73 0.86 0.71 0.25 0.42 0.39 0.44 0.00 0.40 0.44 0.32 0.28 0.89 0.34 0.25 0.49 0.47 0.70 0.38 0.30 0.21 0.43 0.41 0.48 0.38 0.46 0.46
0.55 0.62 0.49 0.56 0.72 0.79 0.69 0.59 0.67 0.56 0.78 0.87 0.71 0.73 0.93 0.62 0.47 0.50 0.41 0.45 0.40 0.00 0.50 0.40 0.46 0.90 0.49 0.44 0.46 0.49 0.71 0.47 0.48 0.36 0.48 0.35 0.48 0.33 0.47 0.51
0.69 0.67 0.60 0.64 0.47 0.56 0.51 0.63 0.64 0.71 0.66 0.89 0.86 0.79 0.74 0.77 0.38 0.43 0.49 0.35 0.44 0.50 0.00 0.49 0.38 0.79 0.50 0.32 0.53 0.52 0.70 0.52 0.41 0.47 0.32 0.50 0.52 0.50 0.59 0.28
0.47 0.64 0.29 0.35 0.60 0.79 0.70 0.36 0.74 0.54 0.75 0.86 0.83 0.79 0.94 0.60 0.41 0.47 0.26 0.47 0.32 0.40 0.49 0.00 0.42 0.90 0.36 0.33 0.46 0.45 0.71 0.31 0.38 0.33 0.49 0.22 0.34 0.27 0.55 0.53
0.64 0.50 0.57 0.62 0.63 0.68 0.49 0.59 0.56 0.69 0.64 0.77 0.79 0.70 0.76 0.75 0.22 0.39 0.43 0.39 0.28 0.46 0.38 0.42 0.00 0.79 0.42 0.27 0.52 0.47 0.69 0.45 0.34 0.36 0.37 0.46 0.48 0.43 0.51 0.35
0.90 0.83 0.90 0.91 0.78 0.59 0.63 0.89 0.64 0.90 0.60 0.84 0.88 0.89 0.82 0.90 0.86 0.81 0.90 0.88 0.89 0.90 0.79 0.90 0.79 0.00 0.88 0.78 0.90 0.91 0.89 0.90 0.74 0.89 0.77 0.90 0.91 0.91 0.89 0.67
0.61 0.72 0.53 0.58 0.70 0.77 0.69 0.62 0.73 0.65 0.73 0.90 0.82 0.79 0.92 0.69 0.44 0.51 0.46 0.53 0.34 0.49 0.50 0.36 0.42 0.88 0.00 0.33 0.50 0.34 0.66 0.31 0.33 0.36 0.47 0.46 0.43 0.44 0.60 0.51
0.66 0.58 0.57 0.62 0.56 0.61 0.53 0.60 0.60 0.69 0.64 0.82 0.83 0.77 0.78 0.75 0.32 0.39 0.43 0.43 0.25 0.44 0.32 0.33 0.27 0.78 0.33 0.00 0.52 0.47 0.69 0.38 0.24 0.28 0.32 0.44 0.48 0.41 0.55 0.35
0.54 0.68 0.50 0.54 0.70 0.78 0.71 0.58 0.68 0.50 0.76 0.88 0.70 0.76 0.94 0.59 0.53 0.53 0.45 0.51 0.49 0.46 0.53 0.46 0.52 0.90 0.50 0.52 0.00 0.30 0.70 0.50 0.52 0.43 0.53 0.42 0.46 0.45 0.59 0.50
0.62 0.74 0.57 0.62 0.75 0.79 0.73 0.66 0.75 0.58 0.78 0.92 0.76 0.80 0.95 0.63 0.48 0.53 0.47 0.53 0.47 0.49 0.52 0.45 0.47 0.91 0.34 0.47 0.30 0.00 0.71 0.43 0.47 0.45 0.50 0.45 0.41 0.46 0.62 0.52
0.68 0.74 0.68 0.69 0.75 0.78 0.70 0.69 0.75 0.71 0.78 0.91 0.85 0.79 0.92 0.77 0.70 0.70 0.71 0.71 0.70 0.71 0.70 0.71 0.69 0.89 0.66 0.69 0.70 0.71 0.00 0.63 0.69 0.71 0.70 0.71 0.71 0.70 0.68 0.69
0.61 0.74 0.48 0.53 0.71 0.80 0.72 0.58 0.77 0.64 0.78 0.92 0.86 0.80 0.95 0.69 0.45 0.50 0.44 0.52 0.38 0.47 0.52 0.31 0.45 0.90 0.31 0.38 0.50 0.43 0.63 0.00 0.39 0.38 0.50 0.41 0.40 0.39 0.62 0.54
0.68 0.64 0.59 0.64 0.68 0.72 0.59 0.64 0.65 0.70 0.72 0.82 0.83 0.77 0.84 0.76 0.36 0.43 0.46 0.48 0.30 0.48 0.41 0.38 0.34 0.74 0.33 0.24 0.52 0.47 0.69 0.39 0.00 0.33 0.38 0.47 0.48 0.45 0.59 0.33
0.59 0.52 0.55 0.61 0.73 0.78 0.66 0.62 0.61 0.61 0.77 0.85 0.79 0.67 0.87 0.68 0.36 0.47 0.42 0.42 0.21 0.36 0.47 0.33 0.36 0.89 0.36 0.28 0.43 0.45 0.71 0.38 0.33 0.00 0.46 0.39 0.47 0.38 0.45 0.45
0.69 0.65 0.60 0.64 0.65 0.68 0.58 0.65 0.64 0.71 0.70 0.87 0.84 0.79 0.80 0.77 0.39 0.29 0.48 0.44 0.43 0.48 0.32 0.49 0.37 0.77 0.47 0.32 0.53 0.50 0.70 0.50 0.38 0.46 0.00 0.49 0.50 0.49 0.60 0.34
0.43 0.67 0.27 0.32 0.64 0.79 0.72 0.42 0.71 0.48 0.77 0.89 0.81 0.78 0.95 0.53 0.45 0.49 0.27 0.47 0.41 0.35 0.50 0.22 0.46 0.90 0.46 0.44 0.42 0.45 0.71 0.41 0.47 0.39 0.49 0.00 0.33 0.18 0.57 0.52
0.55 0.75 0.45 0.48 0.70 0.79 0.73 0.58 0.76 0.58 0.79 0.92 0.84 0.81 0.95 0.62 0.49 0.52 0.41 0.53 0.48 0.48 0.52 0.34 0.48 0.91 0.43 0.48 0.46 0.41 0.71 0.40 0.48 0.47 0.50 0.33 0.00 0.42 0.63 0.53
0.45 0.67 0.32 0.40 0.67 0.80 0.70 0.44 0.71 0.51 0.77 0.86 0.81 0.74 0.94 0.57 0.43 0.49 0.25 0.47 0.38 0.33 0.50 0.27 0.43 0.91 0.44 0.41 0.45 0.46 0.70 0.39 0.45 0.38 0.49 0.18 0.42 0.00 0.54 0.52
0.55 0.45 0.54 0.57 0.63 0.77 0.58 0.55 0.54 0.59 0.67 0.74 0.71 0.47 0.88 0.69 0.56 0.58 0.54 0.53 0.46 0.47 0.59 0.55 0.51 0.89 0.60 0.55 0.59 0.62 0.68 0.62 0.59 0.45 0.60 0.57 0.63 0.54 0.00 0.54
0.64 0.58 0.58 0.63 0.54 0.54 0.35 0.63 0.45 0.67 0.53 0.78 0.78 0.68 0.67 0.75 0.40 0.45 0.52 0.40 0.46 0.51 0.28 0.53 0.35 0.67 0.51 0.35 0.50 0.52 0.69 0.54 0.33 0.45 0.34 0.52 0.53 0.52 0.54 0.00
