0.00 0.70 0.45 0.49 0.59 0.85 0.78 0.54 0.74 0.40 0.76 0.86 0.77 0.72 0.94 0.48 0.84 0.80 0.57 0.78 0.71 0.71 0.82 0.57 0.78 0.94 0.68 0.78 0.68 0.78 0.75 0.71 0.78 0.72 0.83 0.60 0.71 0.53 0.70 0.78
0.70 0.00 0.77 0.78 0.72 0.82 0.70 0.65 0.67 0.75 0.78 0.62 0.81 0.70 0.91 0.79 0.66 0.65 0.70 0.68 0.55 0.69 0.71 0.73 0.61 0.89 0.75 0.63 0.76 0.80 0.77 0.79 0.68 0.60 0.72 0.76 0.80 0.73 0.54 0.67
0.45 0.77 0.00 0.24 0.61 0.86 0.81 0.40 0.84 0.47 0.80 0.94 0.87 0.82 0.96 0.60 0.70 0.67 0.46 0.66 0.60 0.65 0.69 0.43 0.67 0.94 0.60 0.66 0.59 0.67 0.75 0.59 0.67 0.66 0.71 0.46 0.62 0.41 0.62 0.69
0.49 0.78 0.24 0.00 0.63 0.86 0.80 0.47 0.84 0.53 0.81 0.94 0.88 0.83 0.95 0.61 0.76 0.73 0.56 0.72 0.66 0.72 0.75 0.49 0.72 0.94 0.64 0.72 0.66 0.74 0.74 0.64 0.72 0.73 0.77 0.48 0.65 0.50 0.69 0.75
0.59 0.72 0.61 0.63 0.00 0.51 0.57 0.62 0.63 0.65 0.57 0.85 0.82 0.74 0.74 0.70 0.77 0.77 0.69 0.74 0.75 0.79 0.57 0.68 0.68 0.85 0.75 0.62 0.75 0.81 0.80 0.76 0.72 0.78 0.73 0.71 0.79 0.73 0.72 0.61
0.85 0.82 0.86 0.86 0.51 0.00 0.53 0.82 0.54 0.86 0.47 0.88 0.84 0.84 0.71 0.87 0.85 0.84 0.88 0.84 0.85 0.89 0.69 0.88 0.73 0.66 0.81 0.64 0.85 0.88 0.86 0.88 0.78 0.87 0.79 0.89 0.88 0.89 0.86 0.68
0.78 0.70 0.81 0.80 0.57 0.53 0.00 0.75 0.29 0.81 0.47 0.82 0.81 0.69 0.59 0.82 0.73 0.76 0.81 0.71 0.77 0.82 0.63 0.82 0.55 0.73 0.75 0.58 0.80 0.83 0.80 0.83 0.67 0.78 0.70 0.83 0.83 0.81 0.73 0.48
0.54 0.65 0.40 0.47 0.62 0.82 0.75 0.00 0.77 0.59 0.78 0.85 0.83 0.77 0.94 0.72 0.71 0.66 0.44 0.68 0.65 0.70 0.70 0.47 0.65 0.91 0.67 0.65 0.64 0.74 0.77 0.66 0.68 0.69 0.74 0.56 0.70 0.52 0.65 0.70
0.74 0.67 0.84 0.84 0.63 0.54 0.29 0.77 0.00 0.80 0.46 0.72 0.74 0.57 0.73 0.82 0.79 0.79 0.82 0.77 0.81 0.79 0.73 0.84 0.61 0.74 0.79 0.63 0.81 0.84 0.84 0.85 0.71 0.73 0.74 0.83 0.86 0.82 0.69 0.56
0.40 0.75 0.47 0.53 0.65 0.86 0.81 0.59 0.80 0.00 0.77 0.93 0.74 0.78 0.96 0.46 0.80 0.78 0.60 0.76 0.67 0.69 0.79 0.64 0.75 0.94 0.74 0.76 0.60 0.72 0.81 0.73 0.78 0.71 0.79 0.59 0.73 0.60 0.72 0.76
0.76 0.78 0.80 0.81 0.57 0.47 0.47 0.78 0.46 0.77 0.00 0.79 0.72 0.74 0.71 0.81 0.85 0.85 0.84 0.85 0.81 0.88 0.76 0.85 0.69 0.79 0.79 0.70 0.82 0.86 0.87 0.87 0.78 0.85 0.80 0.87 0.87 0.87 0.77 0.65
0.86 0.62 0.94 0.94 0.85 0.88 0.82 0.85 0.72 0.93 0.79 0.00 0.84 0.74 0.91 0.93 0.90 0.89 0.90 0.90 0.89 0.92 0.91 0.92 0.84 0.91 0.92 0.88 0.92 0.95 0.93 0.95 0.86 0.89 0.90 0.94 0.95 0.92 0.77 0.84
0.77 0.81 0.87 0.88 0.82 0.84 0.81 0.83 0.74 0.74 0.72 0.84 0.00 0.69 0.94 0.85 0.89 0.87 0.85 0.88 0.86 0.84 0.89 0.89 0.81 0.91 0.86 0.86 0.82 0.86 0.89 0.90 0.86 0.84 0.89 0.88 0.90 0.87 0.79 0.84
0.72 0.70 0.82 0.83 0.74 0.84 0.69 0.77 0.57 0.78 0.74 0.74 0.69 0.00 0.87 0.82 0.81 0.80 0.79 0.79 0.80 0.80 0.82 0.83 0.74 0.91 0.81 0.79 0.81 0.84 0.81 0.83 0.78 0.76 0.82 0.83 0.85 0.82 0.65 0.72
0.94 0.91 0.96 0.95 0.74 0.71 0.59 0.94 0.73 0.96 0.71 0.91 0.94 0.87 0.00 0.95 0.87 0.92 0.95 0.84 0.93 0.95 0.78 0.95 0.83 0.86 0.94 0.81 0.95 0.95 0.94 0.96 0.87 0.92 0.84 0.96 0.96 0.96 0.92 0.71
0.48 0.79 0.60 0.61 0.70 0.87 0.82 0.72 0.82 0.46 0.81 0.93 0.85 0.82 0.95 0.00 0.84 0.83 0.73 0.80 0.76 0.75 0.83 0.68 0.82 0.94 0.76 0.81 0.67 0.72 0.84 0.75 0.83 0.77 0.84 0.63 0.72 0.67 0.80 0.82
0.84 0.66 0.70 0.76 0.77 0.85 0.73 0.71 0.79 0.80 0.85 0.90 0.89 0.81 0.87 0.84 0.00 0.47 0.51 0.46 0.38 0.50 0.42 0.45 0.33 0.89 0.70 0.35 0.63 0.50 0.80 0.47 0.37 0.43 0.42 0.49 0.52 0.53 0.68 0.43
0.80 0.65 0.67 0.73 0.77 0.84 0.76 0.66 0.79 0.78 0.85 0.89 0.87 0.80 0.92 0.83 0.47 0.00 0.54 0.50 0.51 0.57 0.48 0.53 0.42 0.86 0.66 0.43 0.62 0.58 0.77 0.56 0.45 0.53 0.38 0.57 0.57 0.55 0.65 0.48
0.57 0.70 0.46 0.56 0.69 0.88 0.81 0.44 0.82 0.60 0.84 0.90 0.85 0.79 0.95 0.73 0.51 0.54 0.00 0.52 0.43 0.44 0.53 0.33 0.51 0.94 0.70 0.46 0.54 0.51 0.79 0.46 0.48 0.45 0.51 0.35 0.50 0.31 0.62 0.55
0.78 0.68 0.66 0.72 0.74 0.84 0.71 0.68 0.77 0.76 0.85 0.90 0.88 0.79 0.84 0.80 0.46 0.50 0.52 0.00 0.51 0.52 0.38 0.52 0.46 0.91 0.68 0.45 0.61 0.57 0.78 0.55 0.50 0.48 0.50 0.52 0.56 0.51 0.61 0.43
0.71 0.55 0.60 0.66 0.75 0.85 0.77 0.65 0.81 0.67 0.81 0.89 0.86 0.80 0.93 0.76 0.38 0.51 0.43 0.51 0.00 0.43 0.50 0.44 0.42 0.94 0.65 0.42 0.54 0.49 0.80 0.49 0.46 0.38 0.47 0.47 0.49 0.46 0.56 0.52
0.71 0.69 0.65 0.72 0.79 0.89 0.82 0.70 0.79 0.69 0.88 0.92 0.84 0.80 0.95 0.75 0.50 0.57 0.44 0.52 0.43 0.00 0.54 0.45 0.53 0.94 0.73 0.47 0.59 0.50 0.82 0.49 0.49 0.39 0.50 0.42 0.52 0.43 0.57 0.55
0.82 0.71 0.69 0.75 0.57 0.69 0.63 0.70 0.73 0.79 0.76 0.91 0.89 0.82 0.78 0.83 0.42 0.48 0.53 0.38 0.50 0.54 0.00 0.54 0.41 0.84 0.68 0.34 0.62 0.55 0.79 0.55 0.44 0.50 0.38 0.55 0.55 0.54 0.67 0.33
0.57 0.73 0.43 0.49 0.68 0.88 0.82 0.47 0.84 0.64 0.85 0.92 0.89 0.83 0.95 0.68 0.45 0.53 0.33 0.52 0.44 0.45 0.54 0.00 0.52 0.94 0.67 0.38 0.56 0.48 0.79 0.35 0.41 0.40 0.51 0.27 0.40 0.36 0.66 0.56
0.78 0.61 0.67 0.72 0.68 0.73 0.55 0.65 0.61 0.75 0.69 0.84 0.81 0.74 0.83 0.82 0.33 0.42 0.51 0.46 0.42 0.53 0.41 0.52 0.00 0.83 0.65 0.33 0.59 0.55 0.78 0.54 0.39 0.48 0.44 0.54 0.55 0.53 0.60 0.38
0.94 0.89 0.94 0.94 0.85 0.66 0.73 0.91 0.74 0.94 0.79 0.91 0.91 0.91 0.86 0.94 0.89 0.86 0.94 0.91 0.94 0.94 0.84 0.94 0.83 0.00 0.90 0.82 0.93 0.94 0.93 0.94 0.77 0.93 0.84 0.94 0.95 0.94 0.93 0.77
0.68 0.75 0.60 0.64 0.75 0.81 0.75 0.67 0.79 0.74 0.79 0.92 0.86 0.81 0.94 0.76 0.70 0.66 0.70 0.68 0.65 0.73 0.68 0.67 0.65 0.90 0.00 0.64 0.66 0.62 0.66 0.64 0.64 0.70 0.71 0.71 0.68 0.64 0.66 0.68
0.78 0.63 0.66 0.72 0.62 0.64 0.58 0.65 0.63 0.76 0.70 0.88 0.86 0.79 0.81 0.81 0.35 0.43 0.46 0.45 0.42 0.47 0.34 0.38 0.33 0.82 0.64 0.00 0.60 0.48 0.78 0.42 0.30 0.38 0.36 0.45 0.50 0.49 0.64 0.38
0.68 0.76 0.59 0.66 0.75 0.85 0.80 0.64 0.81 0.60 0.82 0.92 0.82 0.81 0.95 0.67 0.63 0.62 0.54 0.61 0.54 0.59 0.62 0.56 0.59 0.93 0.66 0.60 0.00 0.41 0.80 0.60 0.61 0.58 0.63 0.55 0.57 0.55 0.67 0.60
0.78 0.80 0.67 0.74 0.81 0.88 0.83 0.74 0.84 0.72 0.86 0.95 0.86 0.84 0.95 0.72 0.50 0.58 0.51 0.57 0.49 0.50 0.55 0.48 0.55 0.94 0.62 0.48 0.41 0.00 0.82 0.45 0.48 0.46 0.52 0.47 0.48 0.53 0.70 0.57
0.75 0.77 0.75 0.74 0.80 0.86 0.80 0.77 0.84 0.81 0.87 0.93 0.89 0.81 0.94 0.84 0.80 0.77 0.79 0.78 0.80 0.82 0.79 0.79 0.78 0.93 0.66 0.78 0.80 0.82 0.00 0.74 0.77 0.80 0.81 0.82 0.81 0.74 0.76 0.79
0.71 0.79 0.59 0.64 0.76 0.88 0.83 0.66 0.85 0.73 0.87 0.95 0.90 0.83 0.96 0.75 0.47 0.56 0.46 0.55 0.49 0.49 0.55 0.35 0.54 0.94 0.64 0.42 0.60 0.45 0.74 0.00 0.40 0.41 0.52 0.44 0.43 0.47 0.68 0.57
0.78 0.68 0.67 0.72 0.72 0.78 0.67 0.68 0.71 0.78 0.78 0.86 0.86 0.78 0.87 0.83 0.37 0.45 0.48 0.50 0.46 0.49 0.44 0.41 0.39 0.77 0.64 0.30 0.61 0.48 0.77 0.40 0.00 0.35 0.41 0.48 0.50 0.50 0.65 0.38
0.72 0.60 0.66 0.73 0.78 0.87 0.78 0.69 0.73 0.71 0.85 0.89 0.84 0.76 0.92 0.77 0.43 0.53 0.45 0.48 0.38 0.39 0.50 0.40 0.48 0.93 0.70 0.38 0.58 0.46 0.80 0.41 0.35 0.00 0.48 0.44 0.50 0.47 0.53 0.50
0.83 0.72 0.71 0.77 0.73 0.79 0.70 0.74 0.74 0.79 0.80 0.90 0.89 0.82 0.84 0.84 0.42 0.38 0.51 0.50 0.47 0.50 0.38 0.51 0.44 0.84 0.71 0.36 0.63 0.52 0.81 0.52 0.41 0.48 0.00 0.51 0.52 0.54 0.68 0.40
0.60 0.76 0.46 0.48 0.71 0.89 0.83 0.56 0.83 0.59 0.87 0.94 0.88 0.83 0.96 0.63 0.49 0.57 0.35 0.52 0.47 0.42 0.55 0.27 0.54 0.94 0.71 0.45 0.55 0.47 0.82 0.44 0.48 0.44 0.51 0.00 0.45 0.30 0.68 0.56
0.71 0.80 0.62 0.65 0.79 0.88 0.83 0.70 0.86 0.73 0.87 0.95 0.90 0.85 0.96 0.72 0.52 0.57 0.50 0.56 0.49 0.52 0.55 0.40 0.55 0.95 0.68 0.50 0.57 0.48 0.81 0.43 0.50 0.50 0.52 0.45 0.00 0.52 0.70 0.57
0.53 0.73 0.41 0.50 0.73 0.89 0.81 0.52 0.82 0.60 0.87 0.92 0.87 0.82 0.96 0.67 0.53 0.55 0.31 0.51 0.46 0.43 0.54 0.36 0.53 0.94 0.64 0.49 0.55 0.53 0.74 0.47 0.50 0.47 0.54 0.30 0.52 0.00 0.61 0.56
0.70 0.54 0.62 0.69 0.72 0.86 0.73 0.65 0.69 0.72 0.77 0.77 0.79 0.65 0.92 0.80 0.68 0.65 0.62 0.61 0.56 0.57 0.67 0.66 0.60 0.93 0.66 0.64 0.67 0.70 0.76 0.68 0.65 0.53 0.68 0.68 0.70 0.61 0.00 0.63
0.78 0.67 0.69 0.75 0.61 0.68 0.48 0.70 0.56 0.76 0.65 0.84 0.84 0.72 0.71 0.82 0.43 0.48 0.55 0.43 0.52 0.55 0.33 0.56 0.38 0.77 0.68 0.38 0.60 0.57 0.79 0.57 0.38 0.50 0.40 0.56 0.57 0.56 0.63 0.00
