0.00 0.72 0.46 0.50 0.59 0.86 0.79 0.55 0.75 0.42 0.76 0.86 0.78 0.73 0.94 0.49 0.84 0.80 0.59 0.78 0.72 0.72 0.83 0.58 0.79 0.94 0.68 0.78 0.69 0.79 0.76 0.72 0.78 0.73 0.84 0.62 0.72 0.55 0.72 0.79
0.72 0.00 0.78 0.78 0.73 0.82 0.70 0.66 0.67 0.77 0.79 0.63 0.81 0.71 0.91 0.81 0.66 0.65 0.72 0.68 0.56 0.71 0.71 0.73 0.62 0.89 0.75 0.64 0.77 0.80 0.78 0.79 0.68 0.60 0.73 0.77 0.80 0.74 0.54 0.67
0.46 0.78 0.00 0.24 0.62 0.87 0.81 0.41 0.84 0.48 0.80 0.94 0.88 0.82 0.96 0.60 0.71 0.68 0.48 0.66 0.60 0.66 0.70 0.44 0.67 0.94 0.61 0.67 0.60 0.68 0.76 0.60 0.67 0.66 0.72 0.47 0.63 0.42 0.63 0.70
0.50 0.78 0.24 0.00 0.64 0.86 0.81 0.48 0.84 0.54 0.82 0.94 0.89 0.83 0.95 0.61 0.77 0.73 0.58 0.73 0.67 0.73 0.76 0.51 0.73 0.94 0.64 0.73 0.67 0.75 0.75 0.65 0.73 0.73 0.78 0.51 0.67 0.53 0.70 0.76
0.59 0.73 0.62 0.64 0.00 0.52 0.57 0.62 0.63 0.65 0.57 0.85 0.83 0.74 0.75 0.71 0.77 0.78 0.70 0.73 0.76 0.80 0.58 0.69 0.69 0.85 0.76 0.62 0.76 0.82 0.80 0.77 0.72 0.78 0.74 0.72 0.79 0.74 0.73 0.62
0.86 0.82 0.87 0.86 0.52 0.00 0.53 0.82 0.55 0.87 0.47 0.88 0.84 0.84 0.72 0.88 0.86 0.84 0.88 0.85 0.86 0.90 0.69 0.88 0.73 0.68 0.82 0.65 0.85 0.88 0.87 0.89 0.79 0.88 0.80 0.89 0.89 0.89 0.86 0.69
0.79 0.70 0.81 0.81 0.57 0.53 0.00 0.75 0.30 0.81 0.48 0.83 0.81 0.69 0.60 0.83 0.73 0.75 0.81 0.71 0.78 0.83 0.63 0.83 0.55 0.74 0.76 0.58 0.81 0.83 0.80 0.83 0.67 0.78 0.71 0.83 0.84 0.82 0.75 0.49
0.55 0.66 0.41 0.48 0.62 0.82 0.75 0.00 0.77 0.60 0.78 0.85 0.84 0.77 0.94 0.72 0.73 0.67 0.46 0.68 0.66 0.71 0.71 0.49 0.66 0.91 0.67 0.65 0.65 0.74 0.77 0.67 0.68 0.70 0.75 0.58 0.70 0.54 0.66 0.71
0.75 0.67 0.84 0.84 0.63 0.55 0.30 0.77 0.00 0.81 0.47 0.74 0.74 0.58 0.74 0.82 0.80 0.79 0.83 0.77 0.81 0.80 0.73 0.85 0.61 0.75 0.80 0.63 0.82 0.85 0.84 0.86 0.71 0.74 0.75 0.84 0.87 0.83 0.70 0.57
0.42 0.77 0.48 0.54 0.65 0.87 0.81 0.60 0.81 0.00 0.78 0.93 0.75 0.78 0.96 0.47 0.80 0.79 0.62 0.76 0.68 0.69 0.79 0.66 0.76 0.94 0.74 0.77 0.61 0.72 0.82 0.74 0.78 0.71 0.80 0.61 0.73 0.61 0.73 0.77
0.76 0.79 0.80 0.82 0.57 0.47 0.48 0.78 0.47 0.78 0.00 0.80 0.72 0.74 0.71 0.82 0.86 0.85 0.84 0.84 0.81 0.88 0.77 0.85 0.70 0.80 0.79 0.71 0.81 0.86 0.87 0.87 0.79 0.85 0.80 0.88 0.87 0.87 0.77 0.66
0.86 0.63 0.94 0.94 0.85 0.88 0.83 0.85 0.74 0.93 0.80 0.00 0.84 0.76 0.92 0.93 0.91 0.89 0.91 0.90 0.90 0.92 0.91 0.92 0.85 0.92 0.92 0.88 0.92 0.94 0.93 0.95 0.86 0.89 0.91 0.94 0.95 0.92 0.78 0.84
0.78 0.81 0.88 0.89 0.83 0.84 0.81 0.84 0.74 0.75 0.72 0.84 0.00 0.70 0.94 0.86 0.90 0.88 0.86 0.88 0.86 0.84 0.89 0.90 0.81 0.91 0.87 0.86 0.83 0.86 0.89 0.91 0.86 0.85 0.89 0.89 0.90 0.88 0.80 0.84
0.73 0.71 0.82 0.83 0.74 0.84 0.69 0.77 0.58 0.78 0.74 0.76 0.70 0.00 0.88 0.83 0.82 0.80 0.79 0.80 0.81 0.81 0.82 0.83 0.74 0.92 0.81 0.79 0.82 0.84 0.82 0.83 0.78 0.77 0.82 0.83 0.85 0.82 0.65 0.73
0.94 0.91 0.96 0.95 0.75 0.72 0.60 0.94 0.74 0.96 0.71 0.92 0.94 0.88 0.00 0.96 0.87 0.92 0.95 0.85 0.94 0.95 0.79 0.96 0.83 0.86 0.94 0.81 0.95 0.95 0.94 0.96 0.88 0.93 0.84 0.96 0.96 0.96 0.93 0.73
0.49 0.81 0.60 0.61 0.71 0.88 0.83 0.72 0.82 0.47 0.82 0.93 0.86 0.83 0.96 0.00 0.85 0.84 0.74 0.80 0.75 0.76 0.84 0.69 0.83 0.94 0.77 0.82 0.67 0.73 0.85 0.76 0.84 0.78 0.85 0.65 0.73 0.68 0.81 0.83
0.84 0.66 0.71 0.77 0.77 0.86 0.73 0.73 0.80 0.80 0.86 0.91 0.90 0.82 0.87 0.85 0.00 0.47 0.51 0.47 0.42 0.50 0.42 0.45 0.35 0.89 0.72 0.35 0.64 0.50 0.81 0.47 0.37 0.43 0.43 0.48 0.53 0.54 0.69 0.43
0.80 0.65 0.68 0.73 0.78 0.84 0.75 0.67 0.79 0.79 0.85 0.89 0.88 0.80 0.92 0.84 0.47 0.00 0.55 0.49 0.51 0.58 0.49 0.54 0.43 0.86 0.66 0.43 0.62 0.58 0.78 0.56 0.45 0.53 0.40 0.58 0.57 0.55 0.65 0.48
0.59 0.72 0.48 0.58 0.70 0.88 0.81 0.46 0.83 0.62 0.84 0.91 0.86 0.79 0.95 0.74 0.51 0.55 0.00 0.53 0.46 0.45 0.54 0.35 0.52 0.94 0.71 0.46 0.55 0.51 0.80 0.47 0.48 0.46 0.51 0.37 0.50 0.32 0.63 0.56
0.78 0.68 0.66 0.73 0.73 0.85 0.71 0.68 0.77 0.76 0.84 0.90 0.88 0.80 0.85 0.80 0.47 0.49 0.53 0.00 0.53 0.53 0.39 0.52 0.47 0.91 0.68 0.46 0.61 0.58 0.78 0.56 0.50 0.49 0.51 0.54 0.57 0.52 0.61 0.45
0.72 0.56 0.60 0.67 0.76 0.86 0.78 0.66 0.81 0.68 0.81 0.90 0.86 0.81 0.94 0.75 0.42 0.51 0.46 0.53 0.00 0.47 0.50 0.48 0.44 0.94 0.66 0.46 0.52 0.53 0.81 0.53 0.50 0.41 0.51 0.51 0.53 0.47 0.56 0.52
0.72 0.71 0.66 0.73 0.80 0.90 0.83 0.71 0.80 0.69 0.88 0.92 0.84 0.81 0.95 0.76 0.50 0.58 0.45 0.53 0.47 0.00 0.55 0.45 0.55 0.95 0.74 0.47 0.60 0.50 0.83 0.49 0.49 0.38 0.50 0.43 0.53 0.44 0.58 0.56
0.83 0.71 0.70 0.76 0.58 0.69 0.63 0.71 0.73 0.79 0.77 0.91 0.89 0.82 0.79 0.84 0.42 0.49 0.54 0.39 0.50 0.55 0.00 0.54 0.42 0.84 0.69 0.35 0.63 0.55 0.80 0.55 0.45 0.50 0.39 0.55 0.55 0.54 0.67 0.33
0.58 0.73 0.44 0.51 0.69 0.88 0.83 0.49 0.85 0.66 0.85 0.92 0.90 0.83 0.96 0.69 0.45 0.54 0.35 0.52 0.48 0.45 0.54 0.00 0.53 0.94 0.68 0.38 0.57 0.48 0.80 0.35 0.42 0.40 0.51 0.28 0.41 0.38 0.66 0.57
0.79 0.62 0.67 0.73 0.69 0.73 0.55 0.66 0.61 0.76 0.70 0.85 0.81 0.74 0.83 0.83 0.35 0.43 0.52 0.47 0.44 0.55 0.42 0.53 0.00 0.84 0.66 0.34 0.60 0.55 0.79 0.55 0.39 0.49 0.45 0.55 0.56 0.54 0.60 0.38
0.94 0.89 0.94 0.94 0.85 0.68 0.74 0.91 0.75 0.94 0.80 0.92 0.91 0.92 0.86 0.94 0.89 0.86 0.94 0.91 0.94 0.95 0.84 0.94 0.84 0.00 0.90 0.83 0.94 0.94 0.93 0.94 0.79 0.93 0.84 0.94 0.95 0.94 0.93 0.76
0.68 0.75 0.61 0.64 0.76 0.82 0.76 0.67 0.80 0.74 0.79 0.92 0.87 0.81 0.94 0.77 0.72 0.66 0.71 0.68 0.66 0.74 0.69 0.68 0.66 0.90 0.00 0.65 0.67 0.63 0.68 0.65 0.64 0.71 0.72 0.73 0.69 0.65 0.67 0.69
0.78 0.64 0.67 0.73 0.62 0.65 0.58 0.65 0.63 0.77 0.71 0.88 0.86 0.79 0.81 0.82 0.35 0.43 0.46 0.46 0.46 0.47 0.35 0.38 0.34 0.83 0.65 0.00 0.61 0.48 0.78 0.43 0.30 0.39 0.36 0.45 0.50 0.50 0.64 0.39
0.69 0.77 0.60 0.67 0.76 0.85 0.81 0.65 0.82 0.61 0.81 0.92 0.83 0.82 0.95 0.67 0.64 0.62 0.55 0.61 0.52 0.60 0.63 0.57 0.60 0.94 0.67 0.61 0.00 0.41 0.81 0.60 0.62 0.59 0.63 0.57 0.58 0.56 0.68 0.61
0.79 0.80 0.68 0.75 0.82 0.88 0.83 0.74 0.85 0.72 0.86 0.94 0.86 0.84 0.95 0.73 0.50 0.58 0.51 0.58 0.53 0.50 0.55 0.48 0.55 0.94 0.63 0.48 0.41 0.00 0.82 0.46 0.48 0.46 0.51 0.48 0.48 0.54 0.70 0.57
0.76 0.78 0.76 0.75 0.80 0.87 0.80 0.77 0.84 0.82 0.87 0.93 0.89 0.82 0.94 0.85 0.81 0.78 0.80 0.78 0.81 0.83 0.80 0.80 0.79 0.93 0.68 0.78 0.81 0.82 0.00 0.74 0.76 0.81 0.81 0.82 0.81 0.76 0.77 0.79
0.72 0.79 0.60 0.65 0.77 0.89 0.83 0.67 0.86 0.74 0.87 0.95 0.91 0.83 0.96 0.76 0.47 0.56 0.47 0.56 0.53 0.49 0.55 0.35 0.55 0.94 0.65 0.43 0.60 0.46 0.74 0.00 0.41 0.42 0.52 0.44 0.43 0.48 0.69 0.57
0.78 0.68 0.67 0.73 0.72 0.79 0.67 0.68 0.71 0.78 0.79 0.86 0.86 0.78 0.88 0.84 0.37 0.45 0.48 0.50 0.50 0.49 0.45 0.42 0.39 0.79 0.64 0.30 0.62 0.48 0.76 0.41 0.00 0.35 0.41 0.48 0.50 0.50 0.65 0.37
0.73 0.60 0.66 0.73 0.78 0.88 0.78 0.70 0.74 0.71 0.85 0.89 0.85 0.77 0.93 0.78 0.43 0.53 0.46 0.49 0.41 0.38 0.50 0.40 0.49 0.93 0.71 0.39 0.59 0.46 0.81 0.42 0.35 0.00 0.47 0.44 0.51 0.48 0.53 0.51
0.84 0.73 0.72 0.78 0.74 0.80 0.71 0.75 0.75 0.80 0.80 0.91 0.89 0.82 0.84 0.85 0.43 0.40 0.51 0.51 0.51 0.50 0.39 0.51 0.45 0.84 0.72 0.36 0.63 0.51 0.81 0.52 0.41 0.47 0.00 0.52 0.53 0.55 0.69 0.40
0.62 0.77 0.47 0.51 0.72 0.89 0.83 0.58 0.84 0.61 0.88 0.94 0.89 0.83 0.96 0.65 0.48 0.58 0.37 0.54 0.51 0.43 0.55 0.28 0.55 0.94 0.73 0.45 0.57 0.48 0.82 0.44 0.48 0.44 0.52 0.00 0.46 0.32 0.68 0.56
0.72 0.80 0.63 0.67 0.79 0.89 0.84 0.70 0.87 0.73 0.87 0.95 0.90 0.85 0.96 0.73 0.53 0.57 0.50 0.57 0.53 0.53 0.55 0.41 0.56 0.95 0.69 0.50 0.58 0.48 0.81 0.43 0.50 0.51 0.53 0.46 0.00 0.52 0.70 0.57
0.55 0.74 0.42 0.53 0.74 0.89 0.82 0.54 0.83 0.61 0.87 0.92 0.88 0.82 0.96 0.68 0.54 0.55 0.32 0.52 0.47 0.44 0.54 0.38 0.54 0.94 0.65 0.50 0.56 0.54 0.76 0.48 0.50 0.48 0.55 0.32 0.52 0.00 0.63 0.56
0.72 0.54 0.63 0.70 0.73 0.86 0.75 0.66 0.70 0.73 0.77 0.78 0.80 0.65 0.93 0.81 0.69 0.65 0.63 0.61 0.56 0.58 0.67 0.66 0.60 0.93 0.67 0.64 0.68 0.70 0.77 0.69 0.65 0.53 0.69 0.68 0.70 0.63 0.00 0.64
0.79 0.67 0.70 0.76 0.62 0.69 0.49 0.71 0.57 0.77 0.66 0.84 0.84 0.73 0.73 0.83 0.43 0.48 0.56 0.45 0.52 0.56 0.33 0.57 0.38 0.76 0.69 0.39 0.61 0.57 0.79 0.57 0.37 0.51 0.40 0.56 0.57 0.56 0.64 0.00
