0.00 0.75 0.49 0.55 0.61 0.87 0.81 0.57 0.77 0.46 0.77 0.87 0.80 0.76 0.95 0.52 0.86 0.81 0.61 0.78 0.74 0.74 0.84 0.60 0.80 0.95 0.70 0.79 0.71 0.81 0.76 0.73 0.78 0.73 0.86 0.64 0.72 0.57 0.74 0.81
0.75 0.00 0.79 0.83 0.75 0.83 0.73 0.68 0.71 0.78 0.80 0.65 0.82 0.72 0.92 0.83 0.68 0.66 0.73 0.69 0.59 0.73 0.72 0.75 0.63 0.90 0.75 0.65 0.78 0.81 0.78 0.81 0.70 0.62 0.74 0.79 0.81 0.76 0.56 0.69
0.49 0.79 0.00 0.35 0.64 0.87 0.83 0.45 0.86 0.49 0.82 0.95 0.89 0.83 0.96 0.63 0.73 0.69 0.51 0.66 0.66 0.68 0.71 0.47 0.68 0.95 0.67 0.68 0.62 0.70 0.78 0.61 0.67 0.65 0.74 0.50 0.65 0.44 0.65 0.72
0.55 0.83 0.35 0.00 0.66 0.87 0.82 0.57 0.86 0.60 0.84 0.95 0.90 0.85 0.96 0.63 0.85 0.82 0.69 0.81 0.68 0.81 0.82 0.60 0.80 0.95 0.73 0.80 0.75 0.82 0.80 0.75 0.80 0.77 0.86 0.59 0.75 0.63 0.78 0.84
0.61 0.75 0.64 0.66 0.00 0.53 0.60 0.64 0.66 0.68 0.59 0.86 0.84 0.77 0.76 0.73 0.79 0.79 0.73 0.75 0.78 0.82 0.59 0.71 0.70 0.87 0.77 0.63 0.78 0.82 0.81 0.78 0.74 0.79 0.76 0.74 0.81 0.75 0.75 0.64
0.87 0.83 0.87 0.87 0.53 0.00 0.55 0.81 0.57 0.88 0.48 0.88 0.84 0.86 0.73 0.89 0.86 0.84 0.89 0.85 0.86 0.91 0.70 0.89 0.74 0.71 0.82 0.67 0.86 0.88 0.87 0.89 0.79 0.87 0.81 0.91 0.90 0.89 0.87 0.70
0.81 0.73 0.83 0.82 0.60 0.55 0.00 0.76 0.32 0.83 0.50 0.84 0.82 0.72 0.62 0.86 0.75 0.76 0.83 0.73 0.80 0.85 0.65 0.85 0.55 0.77 0.77 0.60 0.82 0.84 0.81 0.85 0.66 0.80 0.73 0.86 0.86 0.83 0.76 0.51
0.57 0.68 0.45 0.57 0.64 0.81 0.76 0.00 0.78 0.61 0.79 0.86 0.84 0.78 0.95 0.75 0.75 0.69 0.49 0.70 0.68 0.74 0.72 0.53 0.67 0.91 0.69 0.66 0.67 0.75 0.79 0.71 0.70 0.71 0.77 0.62 0.74 0.57 0.69 0.73
0.77 0.71 0.86 0.86 0.66 0.57 0.32 0.78 0.00 0.83 0.49 0.75 0.75 0.60 0.75 0.85 0.81 0.80 0.84 0.79 0.83 0.82 0.74 0.87 0.61 0.77 0.81 0.64 0.82 0.86 0.85 0.87 0.71 0.76 0.76 0.86 0.88 0.84 0.72 0.58
0.46 0.78 0.49 0.60 0.68 0.88 0.83 0.61 0.83 0.00 0.79 0.94 0.79 0.79 0.96 0.53 0.82 0.80 0.63 0.77 0.70 0.71 0.80 0.68 0.77 0.95 0.75 0.77 0.63 0.74 0.84 0.75 0.79 0.70 0.81 0.65 0.75 0.62 0.76 0.79
0.77 0.80 0.82 0.84 0.59 0.48 0.50 0.79 0.49 0.79 0.00 0.82 0.75 0.76 0.72 0.82 0.86 0.86 0.85 0.85 0.83 0.89 0.78 0.86 0.71 0.83 0.81 0.72 0.82 0.86 0.87 0.88 0.80 0.84 0.81 0.89 0.87 0.87 0.79 0.67
0.87 0.65 0.95 0.95 0.86 0.88 0.84 0.86 0.75 0.94 0.82 0.00 0.85 0.77 0.92 0.94 0.91 0.89 0.91 0.91 0.90 0.93 0.92 0.93 0.85 0.93 0.93 0.89 0.92 0.94 0.93 0.95 0.88 0.90 0.91 0.95 0.96 0.93 0.79 0.86
0.80 0.82 0.89 0.90 0.84 0.84 0.82 0.84 0.75 0.79 0.75 0.85 0.00 0.72 0.94 0.89 0.90 0.88 0.87 0.89 0.88 0.87 0.89 0.91 0.82 0.91 0.88 0.87 0.85 0.88 0.89 0.92 0.87 0.86 0.90 0.90 0.92 0.89 0.81 0.85
0.76 0.72 0.83 0.85 0.77 0.86 0.72 0.78 0.60 0.79 0.76 0.77 0.72 0.00 0.89 0.84 0.82 0.80 0.80 0.80 0.82 0.82 0.82 0.84 0.74 0.92 0.82 0.80 0.83 0.84 0.82 0.85 0.79 0.78 0.82 0.84 0.86 0.83 0.67 0.73
0.95 0.92 0.96 0.96 0.76 0.73 0.62 0.95 0.75 0.96 0.72 0.92 0.94 0.89 0.00 0.96 0.88 0.92 0.95 0.85 0.94 0.95 0.79 0.96 0.85 0.87 0.94 0.81 0.95 0.95 0.95 0.96 0.88 0.93 0.85 0.96 0.96 0.96 0.94 0.74
0.52 0.83 0.63 0.63 0.73 0.89 0.86 0.75 0.85 0.53 0.82 0.94 0.89 0.84 0.96 0.00 0.87 0.85 0.77 0.82 0.77 0.78 0.85 0.71 0.84 0.95 0.80 0.82 0.69 0.76 0.86 0.78 0.85 0.77 0.86 0.68 0.75 0.70 0.84 0.85
0.86 0.68 0.73 0.85 0.79 0.86 0.75 0.75 0.81 0.82 0.86 0.91 0.90 0.82 0.88 0.87 0.00 0.49 0.52 0.51 0.67 0.51 0.45 0.46 0.39 0.89 0.76 0.37 0.66 0.52 0.82 0.48 0.38 0.45 0.44 0.50 0.55 0.58 0.70 0.44
0.81 0.66 0.69 0.82 0.79 0.84 0.76 0.69 0.80 0.80 0.86 0.89 0.88 0.80 0.92 0.85 0.49 0.00 0.56 0.52 0.71 0.60 0.50 0.56 0.44 0.87 0.70 0.44 0.64 0.59 0.78 0.57 0.46 0.55 0.42 0.60 0.58 0.57 0.67 0.50
0.61 0.73 0.51 0.69 0.73 0.89 0.83 0.49 0.84 0.63 0.85 0.91 0.87 0.80 0.95 0.77 0.52 0.56 0.00 0.55 0.70 0.47 0.56 0.37 0.56 0.94 0.75 0.47 0.58 0.53 0.80 0.48 0.49 0.47 0.53 0.40 0.52 0.36 0.66 0.56
0.78 0.69 0.66 0.81 0.75 0.85 0.73 0.70 0.79 0.77 0.85 0.91 0.89 0.80 0.85 0.82 0.51 0.52 0.55 0.00 0.71 0.57 0.41 0.54 0.50 0.91 0.71 0.49 0.63 0.60 0.77 0.58 0.51 0.53 0.56 0.57 0.58 0.53 0.63 0.48
0.74 0.59 0.66 0.68 0.78 0.86 0.80 0.68 0.83 0.70 0.83 0.90 0.88 0.82 0.94 0.77 0.67 0.71 0.70 0.71 0.00 0.71 0.72 0.71 0.66 0.94 0.70 0.69 0.65 0.74 0.83 0.76 0.72 0.61 0.74 0.75 0.76 0.68 0.63 0.73
0.74 0.73 0.68 0.81 0.82 0.91 0.85 0.74 0.82 0.71 0.89 0.93 0.87 0.82 0.95 0.78 0.51 0.60 0.47 0.57 0.71 0.00 0.58 0.46 0.59 0.95 0.79 0.48 0.62 0.53 0.84 0.49 0.50 0.40 0.51 0.44 0.55 0.49 0.61 0.57
0.84 0.72 0.71 0.82 0.59 0.70 0.65 0.72 0.74 0.80 0.78 0.92 0.89 0.82 0.79 0.85 0.45 0.50 0.56 0.41 0.72 0.58 0.00 0.55 0.45 0.85 0.72 0.35 0.64 0.56 0.81 0.56 0.46 0.52 0.42 0.57 0.56 0.56 0.68 0.34
0.60 0.75 0.47 0.60 0.71 0.89 0.85 0.53 0.87 0.68 0.86 0.93 0.91 0.84 0.96 0.71 0.46 0.56 0.37 0.54 0.71 0.46 0.55 0.00 0.57 0.95 0.72 0.41 0.59 0.50 0.81 0.36 0.42 0.41 0.52 0.29 0.43 0.43 0.69 0.57
0.80 0.63 0.68 0.80 0.70 0.74 0.55 0.67 0.61 0.77 0.71 0.85 0.82 0.74 0.85 0.84 0.39 0.44 0.56 0.50 0.66 0.59 0.45 0.57 0.00 0.85 0.70 0.37 0.62 0.58 0.79 0.58 0.39 0.52 0.49 0.59 0.59 0.56 0.61 0.40
0.95 0.90 0.95 0.95 0.87 0.71 0.77 0.91 0.77 0.95 0.83 0.93 0.91 0.92 0.87 0.95 0.89 0.87 0.94 0.91 0.94 0.95 0.85 0.95 0.85 0.00 0.91 0.83 0.94 0.94 0.93 0.95 0.80 0.94 0.85 0.95 0.95 0.95 0.93 0.80
0.70 0.75 0.67 0.73 0.77 0.82 0.77 0.69 0.81 0.75 0.81 0.93 0.88 0.82 0.94 0.80 0.76 0.70 0.75 0.71 0.70 0.79 0.72 0.72 0.70 0.91 0.00 0.69 0.72 0.67 0.69 0.70 0.66 0.73 0.77 0.77 0.72 0.68 0.72 0.74
0.79 0.65 0.68 0.80 0.63 0.67 0.60 0.66 0.64 0.77 0.72 0.89 0.87 0.80 0.81 0.82 0.37 0.44 0.47 0.49 0.69 0.48 0.35 0.41 0.37 0.83 0.69 0.00 0.62 0.49 0.78 0.46 0.31 0.41 0.37 0.46 0.52 0.54 0.65 0.40
0.71 0.78 0.62 0.75 0.78 0.86 0.82 0.67 0.82 0.63 0.82 0.92 0.85 0.83 0.95 0.69 0.66 0.64 0.58 0.63 0.65 0.62 0.64 0.59 0.62 0.94 0.72 0.62 0.00 0.47 0.83 0.63 0.63 0.57 0.66 0.60 0.60 0.58 0.70 0.64
0.81 0.81 0.70 0.82 0.82 0.88 0.84 0.75 0.86 0.74 0.86 0.94 0.88 0.84 0.95 0.76 0.52 0.59 0.53 0.60 0.74 0.53 0.56 0.50 0.58 0.94 0.67 0.49 0.47 0.00 0.83 0.49 0.49 0.47 0.52 0.51 0.50 0.57 0.71 0.58
0.76 0.78 0.78 0.80 0.81 0.87 0.81 0.79 0.85 0.84 0.87 0.93 0.89 0.82 0.95 0.86 0.82 0.78 0.80 0.77 0.83 0.84 0.81 0.81 0.79 0.93 0.69 0.78 0.83 0.83 0.00 0.76 0.76 0.82 0.83 0.84 0.81 0.79 0.79 0.80
0.73 0.81 0.61 0.75 0.78 0.89 0.85 0.71 0.87 0.75 0.88 0.95 0.92 0.85 0.96 0.78 0.48 0.57 0.48 0.58 0.76 0.49 0.56 0.36 0.58 0.95 0.70 0.46 0.63 0.49 0.76 0.00 0.41 0.43 0.52 0.44 0.45 0.52 0.71 0.58
0.78 0.70 0.67 0.80 0.74 0.79 0.66 0.70 0.71 0.79 0.80 0.88 0.87 0.79 0.88 0.85 0.38 0.46 0.49 0.51 0.72 0.50 0.46 0.42 0.39 0.80 0.66 0.31 0.63 0.49 0.76 0.41 0.00 0.39 0.42 0.48 0.51 0.52 0.66 0.39
0.73 0.62 0.65 0.77 0.79 0.87 0.80 0.71 0.76 0.70 0.84 0.90 0.86 0.78 0.93 0.77 0.45 0.55 0.47 0.53 0.61 0.40 0.52 0.41 0.52 0.94 0.73 0.41 0.57 0.47 0.82 0.43 0.39 0.00 0.48 0.45 0.52 0.51 0.55 0.52
0.86 0.74 0.74 0.86 0.76 0.81 0.73 0.77 0.76 0.81 0.81 0.91 0.90 0.82 0.85 0.86 0.44 0.42 0.53 0.56 0.74 0.51 0.42 0.52 0.49 0.85 0.77 0.37 0.66 0.52 0.83 0.52 0.42 0.48 0.00 0.52 0.56 0.59 0.70 0.41
0.64 0.79 0.50 0.59 0.74 0.91 0.86 0.62 0.86 0.65 0.89 0.95 0.90 0.84 0.96 0.68 0.50 0.60 0.40 0.57 0.75 0.44 0.57 0.29 0.59 0.95 0.77 0.46 0.60 0.51 0.84 0.44 0.48 0.45 0.52 0.00 0.49 0.37 0.70 0.57
0.72 0.81 0.65 0.75 0.81 0.90 0.86 0.74 0.88 0.75 0.87 0.96 0.92 0.86 0.96 0.75 0.55 0.58 0.52 0.58 0.76 0.55 0.56 0.43 0.59 0.95 0.72 0.52 0.60 0.50 0.81 0.45 0.51 0.52 0.56 0.49 0.00 0.54 0.72 0.58
0.57 0.76 0.44 0.63 0.75 0.89 0.83 0.57 0.84 0.62 0.87 0.93 0.89 0.83 0.96 0.70 0.58 0.57 0.36 0.53 0.68 0.49 0.56 0.43 0.56 0.95 0.68 0.54 0.58 0.57 0.79 0.52 0.52 0.51 0.59 0.37 0.54 0.00 0.65 0.57
0.74 0.56 0.65 0.78 0.75 0.87 0.76 0.69 0.72 0.76 0.79 0.79 0.81 0.67 0.94 0.84 0.70 0.67 0.66 0.63 0.63 0.61 0.68 0.69 0.61 0.93 0.72 0.65 0.70 0.71 0.79 0.71 0.66 0.55 0.70 0.70 0.72 0.65 0.00 0.65
0.81 0.69 0.72 0.84 0.64 0.70 0.51 0.73 0.58 0.79 0.67 0.86 0.85 0.73 0.74 0.85 0.44 0.50 0.56 0.48 0.73 0.57 0.34 0.57 0.40 0.80 0.74 0.40 0.64 0.58 0.80 0.58 0.39 0.52 0.41 0.57 0.58 0.57 0.65 0.00
