0.00 0.63 0.38 0.45 0.56 0.81 0.72 0.48 0.68 0.29 0.70 0.82 0.69 0.66 0.93 0.41 0.76 0.74 0.48 0.72 0.64 0.62 0.75 0.51 0.71 0.92 0.63 0.72 0.59 0.69 0.70 0.65 0.73 0.65 0.75 0.50 0.63 0.49 0.59 0.70
0.63 0.00 0.74 0.74 0.69 0.77 0.63 0.62 0.60 0.71 0.72 0.59 0.78 0.67 0.89 0.73 0.61 0.63 0.67 0.66 0.50 0.65 0.69 0.67 0.58 0.85 0.73 0.60 0.71 0.77 0.75 0.77 0.66 0.56 0.68 0.70 0.78 0.70 0.50 0.63
0.38 0.74 0.00 0.20 0.58 0.82 0.75 0.33 0.78 0.45 0.75 0.91 0.83 0.79 0.95 0.55 0.63 0.62 0.38 0.60 0.56 0.57 0.64 0.35 0.61 0.92 0.55 0.61 0.53 0.62 0.71 0.52 0.63 0.61 0.64 0.33 0.56 0.35 0.58 0.62
0.45 0.74 0.20 0.00 0.61 0.83 0.76 0.41 0.79 0.52 0.79 0.92 0.85 0.79 0.95 0.56 0.67 0.65 0.45 0.65 0.60 0.62 0.67 0.39 0.65 0.92 0.60 0.65 0.57 0.65 0.73 0.55 0.66 0.64 0.67 0.36 0.56 0.44 0.60 0.66
0.56 0.69 0.58 0.61 0.00 0.46 0.55 0.60 0.58 0.61 0.52 0.82 0.78 0.71 0.73 0.65 0.74 0.75 0.65 0.70 0.72 0.75 0.52 0.64 0.65 0.82 0.73 0.59 0.73 0.78 0.77 0.74 0.70 0.75 0.69 0.67 0.75 0.70 0.68 0.58
0.81 0.77 0.82 0.83 0.46 0.00 0.47 0.80 0.49 0.82 0.43 0.86 0.84 0.78 0.71 0.82 0.80 0.81 0.83 0.80 0.82 0.83 0.63 0.82 0.71 0.62 0.78 0.63 0.81 0.83 0.81 0.83 0.76 0.82 0.73 0.83 0.83 0.83 0.81 0.60
0.72 0.63 0.75 0.76 0.55 0.47 0.00 0.71 0.27 0.75 0.43 0.78 0.80 0.66 0.55 0.78 0.65 0.71 0.74 0.65 0.72 0.74 0.57 0.75 0.51 0.69 0.71 0.55 0.75 0.77 0.74 0.77 0.63 0.72 0.63 0.76 0.77 0.75 0.66 0.42
0.48 0.62 0.33 0.41 0.60 0.80 0.71 0.00 0.73 0.54 0.75 0.82 0.81 0.74 0.93 0.67 0.65 0.63 0.38 0.64 0.59 0.64 0.66 0.40 0.62 0.90 0.65 0.62 0.59 0.69 0.73 0.61 0.65 0.65 0.67 0.48 0.65 0.47 0.59 0.65
0.68 0.60 0.78 0.79 0.58 0.49 0.27 0.73 0.00 0.73 0.42 0.69 0.69 0.52 0.70 0.75 0.74 0.76 0.76 0.73 0.75 0.70 0.68 0.78 0.58 0.69 0.76 0.62 0.74 0.80 0.79 0.81 0.68 0.65 0.69 0.77 0.81 0.76 0.60 0.50
0.29 0.71 0.45 0.52 0.61 0.82 0.75 0.54 0.73 0.00 0.73 0.90 0.65 0.72 0.95 0.40 0.75 0.75 0.54 0.72 0.68 0.62 0.75 0.59 0.72 0.92 0.69 0.73 0.53 0.65 0.76 0.69 0.74 0.66 0.75 0.53 0.65 0.55 0.66 0.71
0.70 0.72 0.75 0.79 0.52 0.43 0.43 0.75 0.42 0.73 0.00 0.75 0.70 0.68 0.69 0.76 0.82 0.82 0.79 0.81 0.80 0.83 0.71 0.81 0.66 0.69 0.75 0.67 0.79 0.83 0.82 0.83 0.76 0.82 0.75 0.82 0.83 0.82 0.73 0.59
0.82 0.59 0.91 0.92 0.82 0.86 0.78 0.82 0.69 0.90 0.75 0.00 0.80 0.74 0.89 0.91 0.88 0.88 0.87 0.90 0.85 0.90 0.90 0.89 0.81 0.88 0.90 0.85 0.89 0.94 0.92 0.94 0.83 0.87 0.88 0.91 0.94 0.89 0.75 0.81
0.69 0.78 0.83 0.85 0.78 0.84 0.80 0.81 0.69 0.65 0.70 0.80 0.00 0.63 0.93 0.79 0.88 0.86 0.81 0.86 0.83 0.81 0.87 0.87 0.80 0.89 0.84 0.84 0.75 0.81 0.87 0.88 0.84 0.81 0.86 0.85 0.87 0.85 0.74 0.81
0.66 0.67 0.79 0.79 0.71 0.78 0.66 0.74 0.52 0.72 0.68 0.74 0.63 0.00 0.84 0.77 0.80 0.79 0.75 0.78 0.77 0.75 0.80 0.80 0.71 0.90 0.80 0.78 0.78 0.81 0.79 0.81 0.77 0.72 0.80 0.80 0.83 0.78 0.56 0.70
0.93 0.89 0.95 0.95 0.73 0.71 0.55 0.93 0.70 0.95 0.69 0.89 0.93 0.84 0.00 0.95 0.82 0.91 0.94 0.82 0.92 0.93 0.76 0.95 0.76 0.84 0.93 0.79 0.94 0.95 0.93 0.95 0.86 0.92 0.82 0.95 0.95 0.95 0.91 0.69
0.41 0.73 0.55 0.56 0.65 0.82 0.78 0.67 0.75 0.40 0.76 0.91 0.79 0.77 0.95 0.00 0.80 0.79 0.66 0.75 0.74 0.69 0.80 0.64 0.78 0.92 0.72 0.78 0.64 0.68 0.80 0.71 0.79 0.72 0.80 0.56 0.66 0.61 0.74 0.77
0.76 0.61 0.63 0.67 0.74 0.80 0.65 0.65 0.74 0.75 0.82 0.88 0.88 0.80 0.82 0.80 0.00 0.41 0.48 0.41 0.31 0.49 0.40 0.43 0.26 0.87 0.46 0.33 0.56 0.48 0.75 0.46 0.36 0.40 0.40 0.47 0.50 0.46 0.62 0.41
0.74 0.63 0.62 0.65 0.75 0.81 0.71 0.63 0.76 0.75 0.82 0.88 0.86 0.79 0.91 0.79 0.41 0.00 0.51 0.46 0.44 0.52 0.45 0.50 0.39 0.84 0.51 0.40 0.55 0.54 0.74 0.53 0.44 0.49 0.29 0.52 0.54 0.51 0.62 0.45
0.48 0.67 0.38 0.45 0.65 0.83 0.74 0.38 0.76 0.54 0.79 0.87 0.81 0.75 0.94 0.66 0.48 0.51 0.00 0.50 0.39 0.41 0.51 0.29 0.45 0.92 0.47 0.43 0.48 0.48 0.75 0.45 0.47 0.43 0.50 0.30 0.47 0.25 0.57 0.53
0.72 0.66 0.60 0.65 0.70 0.80 0.65 0.64 0.73 0.72 0.81 0.90 0.86 0.78 0.82 0.75 0.41 0.46 0.50 0.00 0.47 0.47 0.35 0.49 0.42 0.89 0.53 0.44 0.55 0.55 0.75 0.53 0.49 0.45 0.42 0.48 0.54 0.49 0.58 0.42
0.64 0.50 0.56 0.60 0.72 0.82 0.72 0.59 0.75 0.68 0.80 0.85 0.83 0.77 0.92 0.74 0.31 0.44 0.39 0.47 0.00 0.41 0.46 0.34 0.36 0.91 0.44 0.29 0.52 0.47 0.73 0.38 0.33 0.24 0.44 0.43 0.49 0.38 0.50 0.49
0.62 0.65 0.57 0.62 0.75 0.83 0.74 0.64 0.70 0.62 0.83 0.90 0.81 0.75 0.93 0.69 0.49 0.52 0.41 0.47 0.41 0.00 0.51 0.44 0.47 0.92 0.49 0.46 0.50 0.50 0.76 0.48 0.49 0.35 0.49 0.39 0.49 0.37 0.51 0.52
0.75 0.69 0.64 0.67 0.52 0.63 0.57 0.66 0.68 0.75 0.71 0.90 0.87 0.80 0.76 0.80 0.40 0.45 0.51 0.35 0.46 0.51 0.00 0.51 0.39 0.82 0.51 0.32 0.56 0.53 0.75 0.53 0.43 0.48 0.33 0.52 0.53 0.52 0.63 0.30
0.51 0.67 0.35 0.39 0.64 0.82 0.75 0.40 0.78 0.59 0.81 0.89 0.87 0.80 0.95 0.64 0.43 0.50 0.29 0.49 0.34 0.44 0.51 0.00 0.46 0.92 0.44 0.35 0.48 0.47 0.75 0.33 0.40 0.37 0.50 0.24 0.39 0.29 0.61 0.54
0.71 0.58 0.61 0.65 0.65 0.71 0.51 0.62 0.58 0.72 0.66 0.81 0.80 0.71 0.76 0.78 0.26 0.39 0.45 0.42 0.36 0.47 0.39 0.46 0.00 0.80 0.43 0.29 0.54 0.50 0.73 0.48 0.36 0.42 0.38 0.48 0.50 0.47 0.54 0.35
0.92 0.85 0.92 0.92 0.82 0.62 0.69 0.90 0.69 0.92 0.69 0.88 0.89 0.90 0.84 0.92 0.87 0.84 0.92 0.89 0.91 0.92 0.82 0.92 0.80 0.00 0.88 0.79 0.91 0.92 0.90 0.92 0.76 0.91 0.82 0.92 0.92 0.92 0.91 0.71
0.63 0.73 0.55 0.60 0.73 0.78 0.71 0.65 0.76 0.69 0.75 0.90 0.84 0.80 0.93 0.72 0.46 0.51 0.47 0.53 0.44 0.49 0.51 0.44 0.43 0.88 0.00 0.42 0.51 0.36 0.64 0.39 0.44 0.47 0.48 0.47 0.45 0.45 0.62 0.52
0.72 0.60 0.61 0.65 0.59 0.63 0.55 0.62 0.62 0.73 0.67 0.85 0.84 0.78 0.79 0.78 0.33 0.40 0.43 0.44 0.29 0.46 0.32 0.35 0.29 0.79 0.42 0.00 0.55 0.47 0.73 0.40 0.26 0.31 0.34 0.44 0.49 0.43 0.60 0.36
0.59 0.71 0.53 0.57 0.73 0.81 0.75 0.59 0.74 0.53 0.79 0.89 0.75 0.78 0.94 0.64 0.56 0.55 0.48 0.55 0.52 0.50 0.56 0.48 0.54 0.91 0.51 0.55 0.00 0.37 0.75 0.53 0.55 0.50 0.56 0.47 0.49 0.50 0.63 0.53
0.69 0.77 0.62 0.65 0.78 0.83 0.77 0.69 0.80 0.65 0.83 0.94 0.81 0.81 0.95 0.68 0.48 0.54 0.48 0.55 0.47 0.50 0.53 0.47 0.50 0.92 0.36 0.47 0.37 0.00 0.76 0.44 0.47 0.45 0.51 0.46 0.44 0.47 0.65 0.54
0.70 0.75 0.71 0.73 0.77 0.81 0.74 0.73 0.79 0.76 0.82 0.92 0.87 0.79 0.93 0.80 0.75 0.74 0.75 0.75 0.73 0.76 0.75 0.75 0.73 0.90 0.64 0.73 0.75 0.76 0.00 0.68 0.73 0.76 0.75 0.76 0.76 0.74 0.71 0.73
0.65 0.77 0.52 0.55 0.74 0.83 0.77 0.61 0.81 0.69 0.83 0.94 0.88 0.81 0.95 0.71 0.46 0.53 0.45 0.53 0.38 0.48 0.53 0.33 0.48 0.92 0.39 0.40 0.53 0.44 0.68 0.00 0.40 0.40 0.51 0.41 0.42 0.40 0.64 0.55
0.73 0.66 0.63 0.66 0.70 0.76 0.63 0.65 0.68 0.74 0.76 0.83 0.84 0.77 0.86 0.79 0.36 0.44 0.47 0.49 0.33 0.49 0.43 0.40 0.36 0.76 0.44 0.26 0.55 0.47 0.73 0.40 0.00 0.33 0.40 0.48 0.49 0.46 0.63 0.35
0.65 0.56 0.61 0.64 0.75 0.82 0.72 0.65 0.65 0.66 0.82 0.87 0.81 0.72 0.92 0.72 0.40 0.49 0.43 0.45 0.24 0.35 0.48 0.37 0.42 0.91 0.47 0.31 0.50 0.45 0.76 0.40 0.33 0.00 0.46 0.42 0.48 0.41 0.48 0.47
0.75 0.68 0.64 0.67 0.69 0.73 0.63 0.67 0.69 0.75 0.75 0.88 0.86 0.80 0.82 0.80 0.40 0.29 0.50 0.42 0.44 0.49 0.33 0.50 0.38 0.82 0.48 0.34 0.56 0.51 0.75 0.51 0.40 0.46 0.00 0.50 0.51 0.50 0.64 0.36
0.50 0.70 0.33 0.36 0.67 0.83 0.76 0.48 0.77 0.53 0.82 0.91 0.85 0.80 0.95 0.56 0.47 0.52 0.30 0.48 0.43 0.39 0.52 0.24 0.48 0.92 0.47 0.44 0.47 0.46 0.76 0.41 0.48 0.42 0.50 0.00 0.40 0.22 0.62 0.53
0.63 0.78 0.56 0.56 0.75 0.83 0.77 0.65 0.81 0.65 0.83 0.94 0.87 0.83 0.95 0.66 0.50 0.54 0.47 0.54 0.49 0.49 0.53 0.39 0.50 0.92 0.45 0.49 0.49 0.44 0.76 0.42 0.49 0.48 0.51 0.40 0.00 0.47 0.67 0.55
0.49 0.70 0.35 0.44 0.70 0.83 0.75 0.47 0.76 0.55 0.82 0.89 0.85 0.78 0.95 0.61 0.46 0.51 0.25 0.49 0.38 0.37 0.52 0.29 0.47 0.92 0.45 0.43 0.50 0.47 0.74 0.40 0.46 0.41 0.50 0.22 0.47 0.00 0.57 0.54
0.59 0.50 0.58 0.60 0.68 0.81 0.66 0.59 0.60 0.66 0.73 0.75 0.74 0.56 0.91 0.74 0.62 0.62 0.57 0.58 0.50 0.51 0.63 0.61 0.54 0.91 0.62 0.60 0.63 0.65 0.71 0.64 0.63 0.48 0.64 0.62 0.67 0.57 0.00 0.58
0.70 0.63 0.62 0.66 0.58 0.60 0.42 0.65 0.50 0.71 0.59 0.81 0.81 0.70 0.69 0.77 0.41 0.45 0.53 0.42 0.49 0.52 0.30 0.54 0.35 0.71 0.52 0.36 0.53 0.54 0.73 0.55 0.35 0.47 0.36 0.53 0.55 0.54 0.58 0.00
